1.662198918269230603e+02 3.901541058535591411e-01 2.985804239766082446e+02 2.054702306357757635e+01
2.124883392857141473e+02 2.550115223613598214e-01 3.020913702669150211e+02 4.514201036486486629e+01
1.700942151394424116e+02 3.126074825910934440e-01 2.977295094339623915e+02 5.206467487465182842e+00
1.886738071065990709e+02 2.805057674841052173e-01 2.989367576791808574e+02 1.730310125406202104e+01
2.085819696969698782e+02 2.052882321358071027e-01 3.005439506747324003e+02 3.409764620143885594e+01
1.983692225201073143e+02 3.416085544848038724e-01 2.989159655831738860e+02 7.374829206611578059e+01
1.805269395711500522e+02 3.023715452538632276e-01 2.982348554913294265e+02 3.444748131039997929e+01
1.625761655172414919e+02 3.100651992031872028e-01 2.958774476593742975e+02 1.004234634482759070e+01
2.144379102384291116e+02 2.847059150326800570e-01 3.009620079840320841e+02 4.034578496621620047e+01
1.900111081081082034e+02 3.317140321057604480e-01 2.994912326530613882e+02 2.232735817574258519e+01
1.928254733727809480e+02 3.017549826388886691e-01 2.981396380090497473e+02 2.645241402985077173e+01
1.908880523255813273e+02 3.205969073783359047e-01 2.983686111111109653e+02 2.569527379518073928e+01
1.996991441441442134e+02 3.760954584221747887e-01 2.986412061403509028e+02 2.616692746268658709e+01
1.828232106339467862e+02 3.221409722222223215e-01 2.983042278481012204e+02 2.533606355685133238e+01
1.617608686868686902e+02 3.525971347331586792e-01 2.973428358208956297e+02 2.923553909574470211e+01
1.465057599277979250e+02 3.153933013698630994e-01 2.909944003331483486e+02 1.432636337964236972e+01
1.730830228758169369e+02 2.904143290043290637e-01 2.978311660079051535e+02 2.628027018072290844e+01
1.957118584070795748e+02 3.117231004366812219e-01 2.984452112676056004e+02 2.583824380664653475e+01
2.232260534124628180e+02 3.227556528925619173e-01 2.984993491124258185e+02 2.586475438066466737e+01
2.060462622309198082e+02 3.012334946236557287e-01 2.993183183183185747e+02 2.579784199395771793e+01
1.840267282321899813e+02 3.394093598448108540e-01 2.984802985074625212e+02 2.541885885885886154e+01
1.770360520607376031e+02 4.171259204070506543e-01 2.984742598187309568e+02 3.078549654255322565e+01
1.857779714285714192e+02 3.570614409638553921e-01 2.984690634441085990e+02 2.404472688750001552e+01
1.838444192634561034e+02 3.093753700361012715e-01 2.984757703927490411e+02 6.080097312775326657e+01
1.931075657894737105e+02 2.721747579143389828e-01 2.984741691842898490e+02 2.977170553583617973e+01
1.854002989130435139e+02 2.291740326340324929e-01 2.984746525679756814e+02 7.116579787344396557e+00
1.665205156537753624e+02 2.748432685297690359e-01 2.984970206489672933e+02 1.752073314121037839e+01
1.487598874388254444e+02 3.091479704797047701e-01 2.979945934065934807e+02 1.610485811209439433e+01
1.697646598639454965e+02 2.880637910447760297e-01 2.984950737463126984e+02 1.651951445783132399e+01
1.919061620469082072e+02 2.880282595870204410e-01 2.989031330472104742e+02 1.674817062314540195e+01
2.211358935361215856e+02 2.896423512747873241e-01 2.984777844311376498e+02 1.493103538860103363e+01
2.017572962226641664e+02 2.845161904761904781e-01 2.984858006042294960e+02 2.457344789272031704e+01
1.793920977011493960e+02 2.948288435374149530e-01 2.984888821752264789e+02 1.297176380846324584e+01
1.768947123287670706e+02 2.891451461988305272e-01 2.984888821752264789e+02 1.671471898473282280e+01
1.800726567164178391e+02 2.853469727047147075e-01 2.984888821752264789e+02 8.536004743661971261e+00
1.793838554216866896e+02 2.554157507082154277e-01 2.984888821752264789e+02 3.946472122052708187e+01
1.839475818639795932e+02 2.910854048140043560e-01 2.984888821752264789e+02 8.247284726166337521e+01
1.809511695906431896e+02 2.818347222222223336e-01 2.984876737160119546e+02 3.715820983484572793e+01
1.638284501061570495e+02 2.946914361702128171e-01 2.984914501510572222e+02 5.328194350180507399e+01
1.469346590909090082e+02 2.674909451219513734e-01 2.984964179104475761e+02 1.983170429288703218e+01
1.655385927505330983e+02 3.029526788218793176e-01 2.984762170087975051e+02 8.693830460992902687e+00
1.827713476562500432e+02 2.417613891323401321e-01 2.977542992424243380e+02 3.142934449064449254e+01
2.031264864864864705e+02 1.613078301050175356e-01 2.986031122448976589e+02 2.293452674418603721e+01
2.255003958944282090e+02 2.113013564826379254e-01 3.001020221606648306e+02 2.403240150150148224e+01
2.010861578947368855e+02 2.807022522522522046e-01 2.986009217877094102e+02 2.385022567975828878e+01
1.762338309859155174e+02 2.442017522032141619e-01 2.982775476839237285e+02 2.385630120845919677e+01
1.741402406417111592e+02 3.092853959731542424e-01 2.984655589123866548e+02 2.385630120845919677e+01
1.783734117647058781e+02 2.801578397212542981e-01 2.984743806646524718e+02 2.385630120845919677e+01
1.769312209302324845e+02 3.378371806387225340e-01 2.984755287009062954e+02 2.385630120845919677e+01
1.831404729729730718e+02 2.941183233532936869e-01 2.984738066465257020e+02 2.385630120845919677e+01
1.662885138004246244e+02 2.950959785522788703e-01 2.986892819148935700e+02 2.381380574018125529e+01
1.457986584507042949e+02 2.860807926829267434e-01 2.984435999999999467e+02 2.382858217522657185e+01
1.686647340425531638e+02 3.009236241610735441e-01 2.972022066115704888e+02 2.401625135135133959e+01
1.934680712788259598e+02 2.935962784090909716e-01 2.984512569832402278e+02 2.317305190615835286e+01
2.228624563953486870e+02 2.946557831325301580e-01 2.985270144927533806e+02 2.806114209183673580e+01
2.042565708418889869e+02 2.945532930513594660e-01 2.993449917081259173e+02 1.176205731113801534e+01
1.909297175141240359e+02 2.945292145015105945e-01 2.985209552238804349e+02 2.891464703389832991e+01
1.603227852631577548e+02 2.945211782477341056e-01 2.984903625377642697e+02 4.868058992366412241e+01
1.772260796645700793e+02 2.945216012084592716e-01 2.984931419939575790e+02 1.860038931791908468e+01
1.703401483679525370e+02 2.946468059701493059e-01 2.984914501510573359e+02 8.312615454545463933e+01
1.706100300300300603e+02 2.945312084592144886e-01 2.984945317220543188e+02 4.008288944078945804e+01
1.726511206896551869e+02 2.945312084592144886e-01 2.984949848942597441e+02 1.718490736272545760e+01
1.706885959885387649e+02 2.945312084592144886e-01 2.984976737160120024e+02 2.493430496613992275e+01
1.495564283121596532e+02 2.945312084592144886e-01 2.979945515695066547e+02 8.920601159563922522e+00
1.660187470997679497e+02 2.945312084592144886e-01 2.984994879518072253e+02 2.947812122093023390e+01
1.858773046874999579e+02 2.945312084592144886e-01 2.984911178247734256e+02 2.702530810810809569e+01
2.034951270207852190e+02 2.945312084592144886e-01 2.984989425981873410e+02 2.754058821752263597e+01
2.234929143646406544e+02 2.945312084592144886e-01 2.989219392523363013e+02 2.755916827794560220e+01
2.032252354048964378e+02 2.945312084592144886e-01 2.984863663663664397e+02 2.655223805309734075e+01
1.783134699453552514e+02 2.945312084592144886e-01 2.983643428571428444e+02 3.336951887254901550e+01
1.732355242966753224e+02 2.945312084592144886e-01 2.984944712990937319e+02 2.885019915492958020e+01
1.797263172804534292e+02 2.945312084592144886e-01 2.984940785498490072e+02 2.304815409312638508e+01
1.831427676240211042e+02 2.945312084592144886e-01 2.984976132930514154e+02 6.694192762589918289e+01
1.804679775280900458e+02 2.945312084592144886e-01 2.986804904632152216e+02 3.012178535528940770e+01
1.667482009345794722e+02 2.945312084592144886e-01 2.985118991097922958e+02 1.744298962790697161e+01
1.480568112244898771e+02 2.945312084592144886e-01 2.974565564738293801e+02 4.883610362756951417e+01
1.700651340206185296e+02 2.945312084592144886e-01 2.984559766763849211e+02 9.373184441226580788e+00
1.831885483870967164e+02 2.945312084592144886e-01 2.984996491228070568e+02 3.263116011242603776e+01
2.023529064039408638e+02 2.945312084592144886e-01 2.985251038575667621e+02 2.459067112840465796e+01
2.241716595135908392e+02 2.945312084592144886e-01 2.991452141527000776e+02 6.651496175675677591e+01
2.056769463869464403e+02 2.945312084592144886e-01 2.985109063444107278e+02 3.309455863309353418e+01
1.932634848484848931e+02 2.945312084592144886e-01 2.985140181268881747e+02 1.294081229354839735e+01
1.978196130952381395e+02 2.945312084592144886e-01 2.985135951661630429e+02 2.304860700808626817e+01
1.966539339339340131e+02 2.945312084592144886e-01 2.985145015105740072e+02 2.048529623493976004e+01
1.999104945054945688e+02 2.945312084592144886e-01 2.985140785498488754e+02 2.081580392749244623e+01
1.803227308447936821e+02 2.945312084592144886e-01 2.985165861027189749e+02 2.086697341389728066e+01
1.640566173361522999e+02 2.945312084592144886e-01 2.985133333333333212e+02 2.062572706586826499e+01
1.477149103942652175e+02 2.945312084592144886e-01 2.978389981096407837e+02 2.164213115727002901e+01
1.714980297397769391e+02 2.945312084592144886e-01 2.985068168168168086e+02 1.027989821728082198e+01
1.921981012658226575e+02 2.945312084592144886e-01 2.985254984894259564e+02 2.477835844504022944e+01
2.223686700125471418e+02 2.945312084592144886e-01 2.985405970149253108e+02 2.202299909365560282e+01
2.034517180616738585e+02 2.945312084592144886e-01 2.992337809187278594e+02 2.220638972809668488e+01
1.849085507246376778e+02 2.945312084592144886e-01 2.985035588235293744e+02 2.227369395770393368e+01
1.821918635170605398e+02 2.945312084592144886e-01 2.984837650602410122e+02 2.222738580060423530e+01
1.875056586826347598e+02 2.945312084592144886e-01 2.984959516616313522e+02 2.212154592145015997e+01
1.870259459459459777e+02 2.945312084592144886e-01 2.984951963746222532e+02 2.320112303206998305e+01
1.858241690962098573e+02 2.945312084592144886e-01 2.984974924471298436e+02 2.001807980620155547e+01
1.930208390022676497e+02 2.945312084592144886e-01 2.984973716012083287e+02 4.450580069060771393e+01
1.704157971014493000e+02 2.945312084592144886e-01 2.978282642998026972e+02 1.931696047619047008e+01
1.495486688000000015e+02 2.945312084592144886e-01 2.984865361445783947e+02 2.415972106060605640e+01
1.727464273504275241e+02 2.945312084592144886e-01 2.984940785498489504e+02 7.670631747685181523e+00
1.973163414634146307e+02 2.945312084592144886e-01 2.984986706948640744e+02 1.955178424068766319e+01
2.243975871687586903e+02 2.945312084592144886e-01 2.985261253561253625e+02 1.781263391304346300e+01
2.040603512880562107e+02 2.945312084592144886e-01 2.996635673187573161e+02 1.835593363363361163e+01
1.919356344086022261e+02 2.945312084592144886e-01 2.985557544757032247e+02 1.988112485714283295e+01
1.740927433628318113e+02 2.945312084592144886e-01 2.976589747899159875e+02 1.381015191287128374e+01
1.729293715846993962e+02 2.945312084592144886e-01 2.984955737704917738e+02 4.521248607638889894e+01
1.746617964071855624e+02 2.945312084592144886e-01 2.992527316293929402e+02 8.870778568548385579e+01
1.775047765363127610e+02 2.945312084592144886e-01 2.984942388059700420e+02 3.791851641293534669e+01
1.758348823529410936e+02 2.945312084592144886e-01 2.984805294117645076e+02 1.494896642925658981e+01
1.653848596112311213e+02 2.945312084592144886e-01 2.984785337243400818e+02 7.113378041443848332e+00
1.461009590316573963e+02 2.945312084592144886e-01 2.978563940520446067e+02 1.980185177664975171e+01
1.672186870503595912e+02 2.945312084592144886e-01 2.984974999999998317e+02 1.511512852216749714e+01
1.850695604395604050e+02 2.945312084592144886e-01 2.985507671232875850e+02 2.260496395604396369e+01
2.016670657276994234e+02 2.945312084592144886e-01 2.984870535714284188e+02 8.532214834094375533e+00
2.242717852161785004e+02 2.945312084592144886e-01 2.984996072507551617e+02 1.561919679455446008e+01
2.011509018036071836e+02 2.945312084592144886e-01 2.984996072507551617e+02 3.578867425566345162e+01
1.746324251626897706e+02 2.945312084592144886e-01 2.984996072507551617e+02 6.152004786206891396e+01
1.830820348837209792e+02 2.945312084592144886e-01 2.984996072507551617e+02 2.380380404426559338e+01
1.814235649546827460e+02 2.945312084592144886e-01 2.984996072507551617e+02 3.233532453333329926e+01
1.809759701492537260e+02 2.945312084592144886e-01 2.984996072507551617e+02 2.784158351063826942e+01
1.859424938271604617e+02 2.945312084592144886e-01 2.984996072507551617e+02 4.113629719101125914e+01
1.675592569002122616e+02 2.945312084592144886e-01 2.984996072507551617e+02 1.389340520388350342e+01
1.469721518987342108e+02 2.945312084592144886e-01 2.984996072507551617e+02 1.939075127118644559e+01
1.686489328063240691e+02 2.945312084592144886e-01 2.984996072507551617e+02 6.007453157055220316e+00
1.822392031872509790e+02 2.945312084592144886e-01 2.984996072507551617e+02 1.409685251527494998e+01
2.001247169811320816e+02 2.945312084592144886e-01 2.984996072507551617e+02 2.615920188822353865e+01
2.235592338709677165e+02 2.945312084592144886e-01 2.984996072507551617e+02 5.557033957142854774e+01
1.971259001782529481e+02 2.945312084592144886e-01 2.984996072507551617e+02 2.610270223150357438e+01
1.713837272727271852e+02 2.945312084592144886e-01 2.984996072507551617e+02 3.176830220385674508e+01
1.778870718232043941e+02 2.945312084592144886e-01 2.984996072507551617e+02 2.902763573573571421e+01
1.758727678571427475e+02 2.945312084592144886e-01 2.984996072507551617e+02 2.936624290030210105e+01
1.752579369627506196e+02 2.945312084592144886e-01 2.984996072507551617e+02 2.931709274924470066e+01
1.808319770114942173e+02 2.945312084592144886e-01 2.984996072507551617e+02 2.999785239520956992e+01
1.643581206496520224e+02 2.945312084592144886e-01 2.984996072507551617e+02 2.739945816618908836e+01
1.479168327338130098e+02 2.945312084592144886e-01 2.984996072507551617e+02 4.180792793867119173e+01
1.724187769784172701e+02 2.945312084592144886e-01 2.984996072507551617e+02 9.120896752891688664e+00
1.961949234135668121e+02 2.945312084592144886e-01 2.984996072507551617e+02 2.089852326436781382e+01
2.242479915730338860e+02 2.945312084592144886e-01 2.984996072507551617e+02 2.687469447236178510e+01
2.049097186700766997e+02 2.945312084592144886e-01 2.984996072507551617e+02 1.888752443667296532e+01
1.968006539509537731e+02 2.945312084592144886e-01 2.984996072507551617e+02 6.638700561456754201e+01
1.998688427299702539e+02 2.945312084592144886e-01 2.984996072507551617e+02 2.801758310000000307e+01
1.992021130952380190e+02 2.945312084592144886e-01 2.984996072507551617e+02 8.914971000935452139e+00
1.993583383685800641e+02 2.945312084592144886e-01 2.984996072507551617e+02 2.986748636135956758e+01
2.017678356164384184e+02 2.945312084592144886e-01 2.984996072507551617e+02 6.070264704968944613e+01
1.894270105263156552e+02 2.945312084592144886e-01 2.984996072507551617e+02 3.662325356725145298e+01
1.706321808510637368e+02 2.945312084592144886e-01 2.984996072507551617e+02 1.813164421593831221e+01
1.469793016666666858e+02 2.945312084592144886e-01 2.984996072507551617e+02 1.488878242505593619e+01
1.708611338582676922e+02 2.945312084592144886e-01 2.984996072507551617e+02 2.337865470459518491e+01
1.929200602409637213e+02 2.945312084592144886e-01 2.984996072507551617e+02 6.988822412990194799e+00
2.238647154471545946e+02 2.945312084592144886e-01 2.984996072507551617e+02 1.630687113846153480e+01
2.067367037861916685e+02 2.945312084592144886e-01 2.984996072507551617e+02 3.839376698571430069e+01
1.934016249999999957e+02 2.945312084592144886e-01 2.984996072507551617e+02 7.969073363471972016e+01
1.702856751054852680e+02 2.945312084592144886e-01 2.984996072507551617e+02 1.785678954858934731e+01
1.793716388888890094e+02 2.945312084592144886e-01 2.984996072507551617e+02 2.853068425414365805e+01
1.767387087087087991e+02 2.945312084592144886e-01 2.984996072507551617e+02 2.535519674556212522e+01
1.764805309734513799e+02 2.945312084592144886e-01 2.984996072507551617e+02 2.603970090361445600e+01
1.817715238095239272e+02 2.945312084592144886e-01 2.984996072507551617e+02 2.520269109792284468e+01
1.694141527446300302e+02 2.945312084592144886e-01 2.984996072507551617e+02 3.309352368421051693e+01
1.483436337792641950e+02 2.945312084592144886e-01 2.984996072507551617e+02 1.899634364963504396e+01
1.735757023411372018e+02 2.948025892857142893e-01 2.984996072507551617e+02 7.974068339601767086e+00
1.939264406779659566e+02 2.946070481927711704e-01 2.984996072507551617e+02 2.325578843785308791e+01
2.241902882205514516e+02 2.930614804469273693e-01 2.984996072507551617e+02 1.966914000000000229e+01
2.050038061465720887e+02 3.030165310492504704e-01 2.984996072507551617e+02 2.260633702857143135e+01
1.928168656716417502e+02 2.767040000000001165e-01 2.984996072507551617e+02 4.842022671428567548e+01
1.971384523809521738e+02 3.186309394572026665e-01 2.984996072507551617e+02 2.660791919999996935e+01
1.966169486404832583e+02 2.980389293849657339e-01 2.984996072507551617e+02 2.342692702702702334e+01
1.964958433734938694e+02 2.925345274725272837e-01 2.984996072507551617e+02 2.635374909638553120e+01
1.982865056818180847e+02 2.677585361216729964e-01 2.984996072507551617e+02 2.605277552870089863e+01
1.954888857938718445e+02 2.323831272563176287e-01 2.984996072507551617e+02 2.612957009063443437e+01
1.734432601351351479e+02 2.840324397590362482e-01 2.984996072507551617e+02 2.612957009063443437e+01
1.481053394833947436e+02 3.132788388969522386e-01 2.984996072507551617e+02 2.612957009063443437e+01
1.679196341463414228e+02 2.876381857451403845e-01 2.984996072507551617e+02 2.612957009063443437e+01
1.820968749999999545e+02 2.950157100591717096e-01 2.984996072507551617e+02 2.608509879154077282e+01
2.019631372549020227e+02 2.944386706948641241e-01 2.984996072507551617e+02 2.637227886904761220e+01
2.245335453315291545e+02 2.943542900302115739e-01 2.984996072507551617e+02 2.538617652173912020e+01
2.046119472616632322e+02 2.937487031700288798e-01 2.984996072507551617e+02 3.326095023364485570e+01
1.785786326530613053e+02 2.974705741626795796e-01 2.984996072507551617e+02 1.020594249848637070e+01
1.875484090909090469e+02 2.944604057971013655e-01 2.984996072507551617e+02 3.205845669642856421e+01
1.861206586826347404e+02 2.657353621825024881e-01 2.984996072507551617e+02 2.704370949656748735e+01
1.851975510204081559e+02 2.946815817694368733e-01 2.984996072507551617e+02 7.592114259567387080e+01
1.895895999999999617e+02 3.020803189066059158e-01 2.984996072507551617e+02 3.883817121715072318e+01
1.671962324649298637e+02 2.946202373887240600e-01 2.984996072507551617e+02 1.094391597985348419e+01
1.492015563025211407e+02 2.928229281767956160e-01 2.984996072507551617e+02 1.841478926303854990e+01
1.738967421602788761e+02 2.951906948640483641e-01 2.984996072507551617e+02 5.275954852907640991e+00
1.967267893660531968e+02 2.952349096385543104e-01 2.984996072507551617e+02 1.035886591820040614e+01
2.250640161725066832e+02 2.951611782477341350e-01 2.984996072507551617e+02 1.888658321621622704e+01
2.056567848699763772e+02 2.951239879154078927e-01 2.984996072507551617e+02 5.276615295109616710e+01
1.978900722891566488e+02 2.951239879154078927e-01 2.984996072507551617e+02 3.435701331719128859e+01
1.740750000000000171e+02 2.951239879154078927e-01 2.984996072507551617e+02 4.206103792270532438e+01
1.819140350877191850e+02 2.951239879154078927e-01 2.984996072507551617e+02 3.233767605691056701e+01
1.799295614035086999e+02 2.951239879154078927e-01 2.984996072507551617e+02 7.094920573643410933e+01
1.837728184281842800e+02 2.951239879154078927e-01 2.984996072507551617e+02 3.433756270125221732e+01
1.817735860058309640e+02 2.951239879154078927e-01 2.984996072507551617e+02 9.938534260296531642e+00
1.655853182751540089e+02 2.951239879154078927e-01 2.984996072507551617e+02 1.886247661971831135e+01
1.496494408427877545e+02 2.951239879154078927e-01 2.984996072507551617e+02 1.661923404624275946e+01
1.770746319569120146e+02 2.951239879154078927e-01 2.984996072507551617e+02 1.741498869047617504e+01
1.967159216589860193e+02 2.951239879154078927e-01 2.984996072507551617e+02 8.465805044817926728e+00
2.238639470198675099e+02 2.951239879154078927e-01 2.984996072507551617e+02 1.797002282282281271e+01
2.036156249999999091e+02 2.951239879154078927e-01 2.984996072507551617e+02 1.761346253776434168e+01
1.917563081395349229e+02 2.951239879154078927e-01 2.984996072507551617e+02 1.762843119637460987e+01
1.900934153005464964e+02 2.951239879154078927e-01 2.984996072507551617e+02 1.800536768452380798e+01
1.936037951807228694e+02 2.951239879154078927e-01 2.984996072507551617e+02 1.517254874123987918e+01
1.929136036036035762e+02 2.951239879154078927e-01 2.984996072507551617e+02 2.837864392354126153e+01
1.973133240223463645e+02 2.951239879154078927e-01 2.984996072507551617e+02 1.770434448897793445e+01
1.942513428571429017e+02 2.951239879154078927e-01 2.984996072507551617e+02 6.053764697368421821e+01
1.724622377622378337e+02 2.951239879154078927e-01 2.984996072507551617e+02 3.380542638036811809e+01
1.500211254901961979e+02 2.951239879154078927e-01 2.985094082840234933e+02 1.241687497417841257e+01
1.671434945054945445e+02 2.951239879154078927e-01 2.985003927492446110e+02 1.673450119693095672e+01
1.839398985801217918e+02 2.951441087613294045e-01 2.984777419354837775e+02 6.874181245257458883e+00
2.044017447916667436e+02 2.951087311178248185e-01 2.985001208459213444e+02 1.766207250704225373e+01
2.248089612188364868e+02 2.951873795180723903e-01 2.989754027504911846e+02 1.599968664670659280e+01
2.022205113636362626e+02 2.950370090634441000e-01 2.984912874251496646e+02 1.583127828402367676e+01
2.009420903954801929e+02 2.950022658610272352e-01 2.984047687861270788e+02 1.962079372151898937e+01
2.019451775147928458e+02 2.951720845921450564e-01 2.985259117647057678e+02 1.180333911740891217e+01
2.059608488063660161e+02 2.949074328358209929e-01 2.984957703927491934e+02 4.358276527559050351e+01
1.863602331002331596e+02 2.960299137931035052e-01 2.984946525679757769e+02 1.180290683333332851e+02
1.821833406113535716e+02 2.925062406015038197e-01 2.984865361445782810e+02 5.344446467527167499e+01
1.633356344086021466e+02 3.151320408163265641e-01 2.977107565789474393e+02 2.128690951201922488e+01
1.490231510128913328e+02 2.953365988372094186e-01 2.984800900900901297e+02 1.529577734818941970e+01
1.727342192691029084e+02 2.941670773638968006e-01 2.985528693181817630e+02 7.321941002400956577e+00
1.955868682505399931e+02 2.960268128654970354e-01 2.984440974212034234e+02 2.004701033602150417e+01
2.253949358974359143e+02 2.955150453172205594e-01 2.986594010416665128e+02 1.764737960659897809e+01
2.073678208232445570e+02 2.955170694864048819e-01 3.004289866291342719e+02 3.802122972972972548e+01
1.980198333333334233e+02 2.955188821752266493e-01 2.988257045454544141e+02 1.836623574999997643e+01
1.692764893617020618e+02 2.955188821752266493e-01 2.984350991501414683e+02 2.125876685831060797e+01
1.768926112759643843e+02 2.955188821752266493e-01 2.985344410876131747e+02 1.071805533378196351e+01
1.751747093023255673e+02 2.955188821752266493e-01 2.985396072507551821e+02 3.457970205714285328e+01
1.820439557739556165e+02 2.955188821752266493e-01 2.985397885196373409e+02 7.404545271828665420e+01
1.760334636871507996e+02 2.954969184290030526e-01 2.985412084592144311e+02 1.903235672166246317e+01
1.665314393939393938e+02 2.954203303303303829e-01 2.985502108433734065e+02 4.231340592105266296e+01
1.487520896057347386e+02 2.959597032640950420e-01 2.985255421686746899e+02 3.122256037431692022e+01
1.670694929006085658e+02 2.871762301587300059e-01 2.975212980769230739e+02 3.419146156156155314e+01
1.834917547568709892e+02 3.057271067961164213e-01 2.984345915492957602e+02 3.373833644578311919e+01
2.016420865139949683e+02 2.946691025641026140e-01 2.985907303370784689e+02 3.383513202416916954e+01
2.229891983695652300e+02 3.434706709080393439e-01 2.999227872127873411e+02 3.382649456193351512e+01
1.991792525773194313e+02 3.057735766423357870e-01 2.986296216216214816e+02 3.378621359516614575e+01
1.903357329842931165e+02 2.957692512077294555e-01 2.985000604229603596e+02 3.390958217522656781e+01
1.946286706948640699e+02 2.799469723435226154e-01 2.985044712990932680e+02 3.360476042296070176e+01
1.941937349397590253e+02 3.056606238185253233e-01 2.985044712990932680e+02 3.474433636363633582e+01
1.972777298850574539e+02 2.943212607449854357e-01 2.985081268882171912e+02 3.063058822055136332e+01
1.939742285714286822e+02 2.951869277108433165e-01 2.985138670694860252e+02 5.306572142857146446e+01
1.707920508744037988e+02 2.951951057401811518e-01 2.983808288770050581e+02 2.103443690952380862e+01
1.485195128644941462e+02 2.951807552870089335e-01 2.969115858528236345e+02 2.502286968571429782e+01
1.716016083916084654e+02 2.951807552870089335e-01 2.984280886426592474e+02 2.697277179687500137e+01
1.941056378600824814e+02 2.951807552870089335e-01 2.985420943952801736e+02 8.422402609953708819e+00
2.243956115107917242e+02 2.951807552870089335e-01 2.984909171597633986e+02 2.179573363157894406e+01
2.090747297297296541e+02 2.951807552870089335e-01 2.991682919254658373e+02 3.904762269938652963e+01
2.032298095238095073e+02 2.951807552870089335e-01 2.984592514970058801e+02 2.734398255813955458e+01
1.752513023255813778e+02 2.951807552870089335e-01 2.984775226586101553e+02 2.789400090361449358e+01
1.842168786127166697e+02 2.951807552870089335e-01 2.984731419939575972e+02 2.928999203539822460e+01
1.822939156626506190e+02 2.951807552870089335e-01 2.984745317220542802e+02 2.424506938116589438e+01
1.820240949554895451e+02 2.951807552870089335e-01 2.984741389728095555e+02 8.184988284734134822e+01
1.870808928571428567e+02 2.951807552870089335e-01 2.984889253731341228e+02 3.090787980295564807e+01
1.693002483069977870e+02 2.951807552870089335e-01 2.984669760479039837e+02 3.771157106481479104e+01
1.487023752310535656e+02 2.951807552870089335e-01 2.975468055555556361e+02 2.122212530373832706e+01
1.675671539961012684e+02 2.951807552870089335e-01 2.984711976047903477e+02 1.088235020739762327e+01
1.833936210526314596e+02 2.951807552870089335e-01 2.984847447447446598e+02 2.994959626666666352e+01
2.036162142857141930e+02 2.951807552870089335e-01 2.985656639566392982e+02 2.629948233532933699e+01
2.242505386740332369e+02 2.951807552870089335e-01 2.997463236870310652e+02 2.696816827794562599e+01
2.053066000000002020e+02 2.951807552870089335e-01 2.985024999999995998e+02 2.696228912386707677e+01
1.885123571428573825e+02 2.951807552870089335e-01 2.984223478260865932e+02 2.698467583081571775e+01
1.937516816816817879e+02 2.951807552870089335e-01 2.985082831325298116e+02 2.672911054216867299e+01
1.932625825825827235e+02 2.951807552870089335e-01 2.985039879154075493e+02 2.768073735294117554e+01
1.953282028985508418e+02 2.951807552870089335e-01 2.985113897280963329e+02 2.395651088976378773e+01
1.926028571428572320e+02 2.951807552870089335e-01 2.985713314447589255e+02 4.337787258883253116e+01
1.704293235831810307e+02 2.951807552870089335e-01 2.984892647058820785e+02 2.156801279361177848e+01
1.492041297297296580e+02 2.951807552870089335e-01 2.976378252788105101e+02 2.734388134140434445e+01
1.675137240075614216e+02 2.951807552870089335e-01 2.985056797583078492e+02 9.789910410457514089e+00
1.866268736616704587e+02 2.951807552870089335e-01 2.985357703927490434e+02 2.006815185483869612e+01
2.053419014084508660e+02 2.951807552870089335e-01 2.987330046948355289e+02 3.470878037853105980e+01
2.257268181818180324e+02 2.951807552870089335e-01 3.001838778747027732e+02 6.840477620437955864e+01
2.061802390438247130e+02 2.951807552870089335e-01 2.986934102564101750e+02 2.775066276232396234e+01
1.823477262693159844e+02 2.951807552870089335e-01 2.985120241691843717e+02 7.369130654983575113e+00
1.895969005847954350e+02 2.951807552870089335e-01 2.985117522658611051e+02 1.738501384269664385e+01
1.884423423423425277e+02 2.951807552870089335e-01 2.985112084592145720e+02 3.896409246753245981e+01
1.901705780346822223e+02 2.951807552870089335e-01 2.985085498489426641e+02 8.384261919014080888e+01
1.883213841807909716e+02 2.951807552870089335e-01 2.985064652567975827e+02 3.758776688851914827e+01
1.664602294455067977e+02 2.951807552870089335e-01 2.985006948640483415e+02 5.656168161512027126e+01
1.496596591304347044e+02 2.951807552870089335e-01 2.976897087378640663e+02 9.732201310379233306e+00
1.748365469061876922e+02 2.951807552870089335e-01 2.984629714285713362e+02 2.726026048780488154e+01
1.929538709677417501e+02 2.951807552870089335e-01 2.985471052631577891e+02 2.187281690962099390e+01
2.051107945205477847e+02 2.951807552870089335e-01 2.987705735660844084e+02 2.314799909909910269e+01
2.256583621837550311e+02 2.951807552870089335e-01 3.003304085733423676e+02 2.285586616314199659e+01
2.027640601503758262e+02 2.951807552870089335e-01 2.987485644768856332e+02 2.289415015105740281e+01
1.905970222222223072e+02 2.951807552870089335e-01 2.985069879518072185e+02 2.289415015105740281e+01
1.989704804804804610e+02 2.951807552870089335e-01 2.985214803625376589e+02 2.309299608433735074e+01
1.983803880597014597e+02 2.951807552870089335e-01 2.985169486404832924e+02 2.062313493611111070e+01
2.022275675675676041e+02 2.951807552870089335e-01 2.985155891238670165e+02 2.274152819767441258e+01
1.949606434316353045e+02 2.951807552870089335e-01 2.985234138972809319e+02 4.037465737463127624e+01
1.712802611940298902e+02 2.951807552870089335e-01 2.985091964285712720e+02 1.669229178125000246e+01
1.504446818950929696e+02 2.951807552870089335e-01 2.975224745762711791e+02 2.220475813397129272e+01
1.753737201365188128e+02 2.951807552870089335e-01 2.984923768115941698e+02 8.088681858625161425e+00
1.997397698744771048e+02 2.951807552870089335e-01 2.985300291545188429e+02 1.636549874999998622e+01
2.257366530054644613e+02 2.951807552870089335e-01 2.986407552083332462e+02 3.320164372852234180e+01
2.069139311594202866e+02 2.951807552870089335e-01 2.998609196617336465e+02 6.817129530516433533e+01
1.827692499999999711e+02 2.951807552870089335e-01 2.986119197707735680e+02 2.332639628973843315e+01
1.887522388059700233e+02 2.951807552870089335e-01 2.984873333333333107e+02 3.215437420250520972e+01
1.877590030211479473e+02 2.951807552870089335e-01 2.985461933534743366e+02 1.089888787551866578e+01
1.872053313253011311e+02 2.951807552870089335e-01 2.985514759036145733e+02 4.058986747545583995e+01
1.920679265091863215e+02 2.951807552870089335e-01 2.985548640483384020e+02 7.885285573505656487e+01
1.838504143646409261e+02 2.951807552870089335e-01 2.986476323119777021e+02 2.936517761811020932e+01
1.689284650112867325e+02 2.951807552870089335e-01 2.985383954154726780e+02 1.061504308064515989e+01
1.513702397372741189e+02 2.951807552870089335e-01 2.976235614035085746e+02 1.841013604989603536e+01
1.755917311233885698e+02 2.951807552870089335e-01 2.985195518207280543e+02 4.649832307185951308e+00
1.998717798594847750e+02 2.951807552870089335e-01 2.985451796407184588e+02 3.576523978494622469e+01
2.268657908847185354e+02 2.951807552870089335e-01 2.989787341772151308e+02 2.475464966292134505e+01
2.091288135593219408e+02 2.951807552870089335e-01 3.006645248868778140e+02 2.692376656626505849e+01
1.952724179104477855e+02 2.951807552870089335e-01 2.989288281249998818e+02 2.681566114457829997e+01
1.939792968749999602e+02 2.951807552870089335e-01 2.979601287553647921e+02 2.912393515850143189e+01
1.998821194029850972e+02 2.951807552870089335e-01 2.985388253012048381e+02 2.291387523113207081e+01
1.987491867469880447e+02 2.951807552870089335e-01 2.986161516034985652e+02 5.759569505851757754e+01
2.009589565217391112e+02 2.951807552870089335e-01 2.985371903323263609e+02 2.428294800000000464e+01
1.973136627906976628e+02 2.951807552870089335e-01 2.985371299093656035e+02 9.397530205291003469e+00
1.717597142857141819e+02 2.951807552870089335e-01 2.985314501510575269e+02 3.300114470588235349e+01
1.485963996539793754e+02 2.951807552870089335e-01 2.985246525679759202e+02 2.601291239193083271e+01
1.739099999999998829e+02 2.951807552870089335e-01 2.985210876132931617e+02 2.780618280802293540e+01
1.953528738317755540e+02 2.951807552870089335e-01 2.983799137931034693e+02 2.862013501483680500e+01
2.230899158653845973e+02 2.951807552870089335e-01 2.985394677871150293e+02 2.198520882258064546e+01
2.010980963855421351e+02 2.951807552870089335e-01 2.997729338842973448e+02 3.845843793103447439e+01
1.880373293768545579e+02 2.951807552870089335e-01 2.985774344023324147e+02 6.683773539156631216e+01
1.863314323607426104e+02 2.951807552870089335e-01 2.985271471471472182e+02 2.987916070588237005e+01
1.894434743202416769e+02 2.951807552870089335e-01 2.985449848942598692e+02 1.162890392652026073e+01
1.892103323262839751e+02 2.951807552870089335e-01 2.985443202416918780e+02 4.590578197406343008e+01
1.888810778443114202e+02 2.951807552870089335e-01 2.985479456193353940e+02 1.091353898876403576e+02
1.944777205882352860e+02 2.951807552870089335e-01 2.985479456193353940e+02 4.314979098196948826e+01
1.708544393939394013e+02 2.951807552870089335e-01 2.985479456193353940e+02 1.620726607379136297e+01
1.463285868167202182e+02 2.951807552870089335e-01 2.985461631419939863e+02 2.000228721108181418e+01
1.715865709459458799e+02 2.951807552870089335e-01 2.985767352941176114e+02 7.770252329373653843e+00
1.949517699115044707e+02 2.951807552870089335e-01 2.979127215189874391e+02 2.981622984749454730e+01
2.229814948453605439e+02 2.951807552870089335e-01 2.986084615384614267e+02 2.282878414492753549e+01
2.023848459958932153e+02 2.951807552870089335e-01 3.001064149504194347e+02 2.352267256637167847e+01
1.789323099415202591e+02 2.951807552870089335e-01 2.986570080862530858e+02 2.496288479532164217e+01
1.773194652406416481e+02 2.951807552870089335e-01 2.985266268656713464e+02 1.551602100715563992e+01
1.816597674418604811e+02 2.951807552870089335e-01 2.985371903323261336e+02 4.285899205020921698e+01
1.804341246290801450e+02 2.951807552870089335e-01 2.985403625377642243e+02 3.197658113333331897e+01
1.833361049723756366e+02 2.951807552870089335e-01 2.985403625377642243e+02 7.339875442834140529e+01
1.824343195266272915e+02 2.951807552870089335e-01 2.985552238805968841e+02 3.481336435643564897e+01
1.653361507936506882e+02 2.951807552870089335e-01 2.985446223564953812e+02 1.963470078908188299e+01
1.456762091388400506e+02 2.951807552870089335e-01 2.977459411764705806e+02 2.449721452991452253e+01
1.633979674796747474e+02 2.951807552870089335e-01 2.985084750733138890e+02 2.331655585585584589e+01
1.787349115913555977e+02 2.951807552870089335e-01 2.985234441087614528e+02 2.449748521739129359e+01
1.990438479809977252e+02 2.951807552870089335e-01 2.986589560439560955e+02 9.752172301781731889e+00
2.230144692737430034e+02 2.951807552870089335e-01 3.002210735989195882e+02 2.659875747368421983e+01
2.024163979848866290e+02 2.951807552870089335e-01 2.986939361702126234e+02 4.510387804532580702e+01
1.945271111111110542e+02 2.951807552870089335e-01 2.984956193353473282e+02 1.129737502385495596e+01
1.983965165165164990e+02 2.951807552870089335e-01 2.984936253776434683e+02 3.117633109406954617e+01
1.977702114803625761e+02 2.951807552870089335e-01 2.984963141993956697e+02 6.862030876494029030e+01
1.996763823529411752e+02 2.951807552870089335e-01 2.984994864048338172e+02 2.850365558524172727e+01
1.954237464788732836e+02 2.951807552870089335e-01 2.985003323262839672e+02 2.273498510309277876e+01
1.723846093749999682e+02 2.951807552870089335e-01 2.980488508557457408e+02 2.701328828337875620e+01
1.475392017416545798e+02 2.951807552870089335e-01 2.930789523599470385e+02 3.760779261363636294e+01
1.676742986425339268e+02 2.951813595166161708e-01 2.979908663366335873e+02 1.014390187755101458e+01
1.860933333333333337e+02 2.949738392857141345e-01 2.984686375321334708e+02 2.539017090395478959e+01
1.992244987775059997e+02 2.960959766763847645e-01 2.992496603773586230e+02 2.367293143712575088e+01
2.240302617801047518e+02 2.895565714285712189e-01 3.008359470404986382e+02 2.250187768361581320e+01
2.007181818181816482e+02 3.038791120507398635e-01 2.991617996870109550e+02 2.786296489104115537e+01
1.775275751072961725e+02 2.961150292397657369e-01 2.979841954022990080e+02 1.274008167417217940e+01
1.868570218579235416e+02 2.941516666666663671e-01 2.988712018140589066e+02 5.150951816770185587e+01
1.831778885630499190e+02 2.694652982107355044e-01 3.005385113835379229e+02 3.553893028727273418e+01
1.857857909604520614e+02 3.281396457326892779e-01 2.989220581655481510e+02 9.385545969289832158e+01
1.671585590277778977e+02 3.867551187410585567e-01 2.986766124661245954e+02 4.431205519531253145e+01
1.449946641791044613e+02 3.453662690355330800e-01 2.978247657841141063e+02 1.753022615249999205e+01
1.614982217573221988e+02 2.883385759829967809e-01 2.986263662790694298e+02 1.251061720231213847e+01
1.794191748526522474e+02 3.139357483317445352e-01 2.986891556728228920e+02 2.146937395445133134e+01
2.005667469879517739e+02 2.553159767570560845e-01 2.993039740566037494e+02 7.662363535714285412e+00
2.242721574344022599e+02 1.762030446273831485e-01 3.011175986692878155e+02 1.633608768329176186e+01
2.052283979328165344e+02 2.385471203319503297e-01 3.030387561576354756e+02 3.866079420600856054e+01
1.958387192118227347e+02 2.724033600764089180e-01 3.009276871141974539e+02 2.704888516746411042e+01
1.745539166666666517e+02 2.978181852589641965e-01 2.993755114320094890e+02 3.229065710227271779e+01
1.688715550239236052e+02 3.291134526066351595e-01 2.987795652173912799e+02 3.130408676384837463e+01
1.764225495750708887e+02 3.768116587286347574e-01 2.987013279132791013e+02 6.346665129870137889e+01
1.823945864661655776e+02 3.155790224598929994e-01 2.990060256410257580e+02 3.133225994065283260e+01
1.777228611898018187e+02 2.802726107030427682e-01 2.987445747800587696e+02 3.234379112426035618e+01
1.619055205811138762e+02 2.987890072992699375e-01 2.982334734513273133e+02 3.015583343093922863e+01
1.440373965517241288e+02 3.233888352000001687e-01 2.950569619344026933e+02 3.827064254859609349e+01
1.669314559386972974e+02 2.765620546558705262e-01 2.982616545012165830e+02 1.301516377457264007e+01
1.880416666666665435e+02 2.090835354573486737e-01 2.985802949852506458e+02 2.928527771739128127e+01
1.944796132596684402e+02 2.688163059839603908e-01 2.986935245901639178e+02 2.640904420396600472e+01
2.198525991189428055e+02 3.444733769996982109e-01 2.998832175154685729e+02 2.371746510161662513e+01
1.966834693877551103e+02 3.129433631194152299e-01 3.020353140560844736e+02 5.651206784841077990e+01
1.693259392265193526e+02 4.190993590121219192e-01 3.003932958287595056e+02 2.180338328158294914e+01
1.836292665036675089e+02 3.618607122715404856e-01 2.975051860202933085e+02 6.854806347797061328e+00
1.947859698924731617e+02 3.015729197031037367e-01 3.013223688509711451e+02 4.079011911734695417e+01
