1.343732631578947121e+02 1.127911191806331564e-01 2.891507368421052320e+02 6.757187030927832794e+00
1.977299999999999329e+02 2.187596568627450666e-01 3.008563636363637102e+02 1.883074444444443785e+01
1.774344117647058852e+02 1.662433636363636891e-01 2.939531818181818608e+02 8.346962129629627469e+00
1.771064705882352825e+02 2.602183783783783566e-01 2.954564864864865399e+02 3.169059054054054414e+01
1.771064705882352825e+02 2.815721428571428264e-01 2.961165789473683958e+02 5.967671272727272935e+00
1.580191489361702111e+02 3.082899999999999530e-01 3.032014935064935344e+02 1.460571607142857076e+01
1.805788235294117499e+02 2.719732203389830794e-01 2.979199999999999591e+02 9.918541250000000531e+00
1.885074285714285338e+02 2.837899999999999867e-01 2.937158823529411507e+02 2.849506478873239956e+01
7.845873529411765901e+01 2.828618918918919256e-01 2.936514705882352700e+02 5.618542947368422524e+00
6.189968085106384166e+01 2.882760526315789051e-01 2.936514705882352700e+02 9.194012142857143743e+00
9.935689795918366940e+01 2.840167647058823852e-01 2.936514705882352700e+02 3.885449534883720357e+00
1.387191428571428560e+02 2.822091891891892468e-01 2.936514705882352700e+02 5.145970810810810647e+00
1.617741176470588016e+02 3.318871162790698048e-01 2.936514705882352700e+02 1.853293677419354690e+00
1.639488888888888880e+02 2.910396491228070537e-01 2.936514705882352700e+02 1.111343297826087273e+01
1.612776470588235043e+02 2.744120289855072614e-01 2.939362857142855887e+02 1.841919782608695755e+01
1.612776470588235043e+02 2.399946363636363544e-01 2.926641176470588448e+02 4.500480392156863019e+01
1.611561764705882069e+02 2.860268085106383307e-01 2.859381043956043982e+02 1.925892000000000337e+01
1.346017333333333568e+02 2.709946341463415620e-01 2.925647058823529960e+02 1.362591296296296228e+01
2.043971844660194108e+02 2.781017647058824371e-01 2.930158823529412189e+02 1.206459903846153914e+01
1.655253968253968253e+02 2.806697560975610073e-01 2.930482352941176600e+02 2.514702857142857439e+01
1.180719777777777324e+02 2.779591176470588287e-01 2.930482352941176600e+02 8.756083733333333896e+00
6.249627058823528358e+01 2.592829807692307864e-01 2.930611764705882365e+02 2.526090909090909165e+01
1.014504722222222455e+02 3.024962727272726970e-01 2.958543859649122965e+02 1.527089069767441920e+01
1.355805882352941296e+02 3.722183776223776386e-01 2.995664210526315969e+02 2.228294850649350956e+00
1.462100000000000080e+02 2.856996969696969368e-01 2.955213157894737037e+02 1.181202000000000041e+01
1.462100000000000080e+02 2.557733333333333525e-01 2.949676470588235588e+02 6.652912416666667106e+00
1.462100000000000080e+02 2.451699999999999990e-01 2.949470588235294031e+02 3.314603030303030096e+01
1.462100000000000080e+02 2.628479411764705898e-01 2.922179999999999040e+02 9.531767365853658802e+00
1.475544117647058613e+02 2.628470588235294336e-01 2.850305333333333806e+02 1.063246999999999964e+01
1.841875000000000284e+02 2.626597058823529895e-01 2.920280555555555111e+02 1.162873000000000268e+01
2.089915476190476227e+02 2.624864705882353211e-01 2.929026470588235043e+02 2.945434935483870920e+00
1.654499999999999602e+02 2.622905882352941087e-01 2.934238235294117771e+02 9.686832500000001289e+00
1.199863695652173732e+02 2.622905882352941087e-01 2.934202941176470176e+02 1.602833043478261033e+01
6.248299999999998988e+01 2.622905882352941087e-01 2.934202941176470176e+02 2.897446021505376734e+01
9.631156756756756465e+01 2.622905882352941087e-01 2.934202941176470176e+02 9.733052743589741596e+00
1.368700000000000045e+02 2.622905882352941087e-01 2.951586666666667611e+02 5.377271232876713825e+00
1.474220588235293974e+02 2.618991176470588655e-01 2.994678000000000111e+02 1.158278235294117664e+01
1.582235294117647015e+02 2.764836842105263259e-01 2.954848648648649032e+02 1.085577352941176343e+01
1.581926470588234963e+02 2.604464705882352793e-01 2.947738461538461365e+02 1.120506470588235359e+01
1.598235294117646959e+02 2.605438235294116889e-01 2.917070000000000505e+02 1.120506470588235359e+01
1.847734883720929702e+02 2.551056756756757138e-01 2.858689542483659807e+02 1.104077941176470823e+01
2.093529629629630051e+02 1.943937999999999777e-01 2.920659459459459981e+02 1.423543589743589699e+01
1.760474418604651419e+02 2.572211764705882309e-01 2.935332352941177305e+02 1.144861764705882301e+01
1.531977272727272918e+02 2.646933333333333915e-01 2.935488235294118908e+02 1.144861764705882301e+01
1.130248378378378646e+02 2.440691836734693865e-01 2.935488235294118908e+02 1.144861764705882301e+01
6.115031645569619911e+01 2.568744117647058789e-01 2.935488235294118908e+02 1.144861764705882301e+01
9.520733333333329540e+01 2.575535294117646812e-01 2.935814705882353337e+02 1.144861764705882301e+01
1.356182352941176248e+02 2.564302941176470063e-01 2.951395238095237801e+02 1.144861764705882301e+01
1.500102941176470495e+02 2.557767647058823424e-01 3.003504918032786577e+02 1.144861764705882301e+01
1.500102941176470495e+02 2.557767647058823424e-01 2.943879999999999768e+02 1.144861764705882301e+01
1.500102941176470495e+02 2.557767647058823424e-01 2.907925641025640857e+02 1.144861764705882301e+01
1.500102941176470495e+02 2.557767647058823424e-01 2.805286263736263095e+02 1.144861764705882301e+01
1.500102941176470495e+02 2.557767647058823424e-01 2.922402040816326121e+02 1.144861764705882301e+01
1.821103999999999701e+02 2.557767647058823424e-01 2.947818421052630811e+02 1.144861764705882301e+01
2.082044827586207418e+02 2.557767647058823424e-01 2.946529729729729183e+02 1.144861764705882301e+01
1.657446031746031281e+02 2.557767647058823424e-01 2.947335294117647209e+02 1.144861764705882301e+01
1.159902391304347731e+02 2.557767647058823424e-01 2.946844117647058852e+02 1.144861764705882301e+01
6.149102500000000759e+01 2.557767647058823424e-01 2.947055882352941012e+02 1.227941666666666798e+01
9.631502777777777169e+01 2.557767647058823424e-01 2.947076470588235111e+02 1.037066052631578827e+01
1.347297058823529312e+02 2.557767647058823424e-01 2.958600000000000136e+02 1.122165588235294109e+01
1.462067647058823354e+02 2.549148571428571097e-01 3.006577941176469722e+02 1.122165588235294109e+01
1.462067647058823354e+02 2.582143902439025251e-01 2.951321621621622171e+02 1.122165588235294109e+01
1.462067647058823354e+02 2.894732051282050689e-01 2.945144117647059261e+02 1.019296741666666506e+01
1.462067647058823354e+02 2.573235135135135687e-01 2.931205555555555406e+02 1.219820285714285646e+01
1.480538235294117442e+02 2.534222222222222154e-01 2.863271232876712702e+02 3.749983333333334201e+01
1.824939583333332962e+02 2.570025714285714691e-01 2.931088888888889983e+02 8.360882452830185940e+00
2.109151315789473813e+02 2.556100000000000039e-01 2.946785294117647709e+02 2.069901012658228012e+01
1.740999999999999943e+02 2.560008823529411615e-01 2.946835294117647663e+02 4.303824406250000401e+00
1.231008431372548841e+02 2.560008823529411615e-01 2.946835294117647663e+02 1.048794453846153907e+01
6.169263414634148290e+01 2.560008823529411615e-01 2.946835294117647663e+02 8.809385714285713931e+00
9.645413888888889176e+01 2.550329411764705734e-01 2.954070588235293826e+02 1.003508823529411842e+01
1.346305882352941410e+02 2.647946153846154616e-01 2.997989516129031813e+02 1.004740241176470583e+01
1.490376470588235236e+02 2.456757999999999720e-01 2.952524999999999409e+02 2.890347826086956218e+01
1.490376470588235236e+02 2.545773529411765046e-01 2.943402040816325780e+02 1.318019459459459597e+01
1.490376470588235236e+02 2.572637142857143178e-01 2.937417647058823604e+02 1.030953235294117754e+01
1.490376470588235236e+02 3.082786637931034801e-01 2.861999999999999886e+02 1.399679361702127522e+01
1.535955882352940876e+02 2.712916666666665977e-01 2.932177777777777123e+02 1.172926857142857315e+01
1.829707272727272596e+02 2.565130952380952900e-01 2.944979411764705901e+02 1.179978235294118072e+01
2.076104395604396018e+02 2.537355882352941294e-01 2.945080555555555293e+02 1.179978235294118072e+01
1.607584210526316042e+02 2.289068376068376098e-01 2.944376470588235293e+02 1.179978235294118072e+01
1.118758378378378211e+02 2.602686842105263465e-01 2.945017142857142858e+02 1.179978235294118072e+01
6.234418518518518937e+01 2.542861538461538840e-01 2.944435294117647004e+02 1.179978235294118072e+01
9.832771794871796089e+01 2.560464705882353198e-01 2.961154545454544973e+02 1.179978235294118072e+01
1.458447826086956809e+02 2.560464705882353198e-01 2.995843165467626932e+02 1.179978235294118072e+01
1.849875510204082047e+02 2.560464705882353198e-01 2.951050000000000182e+02 1.179978235294118072e+01
2.126536619718310135e+02 2.560464705882353198e-01 2.936270588235294099e+02 1.179978235294118072e+01
1.886532432432433382e+02 2.560464705882353198e-01 2.925036111111111268e+02 1.179978235294118072e+01
1.744861764705882479e+02 2.560464705882353198e-01 2.852218055555555907e+02 1.179978235294118072e+01
1.735058823529412280e+02 2.560464705882353198e-01 2.927534210526316087e+02 1.179978235294118072e+01
1.736044117647059011e+02 2.560464705882353198e-01 2.948291176470588084e+02 1.179978235294118072e+01
1.732161764705882376e+02 2.560464705882353198e-01 2.952888235294117862e+02 1.179978235294118072e+01
1.523607692307692218e+02 2.560464705882353198e-01 2.952794117647058556e+02 1.179978235294118072e+01
1.114276571428571287e+02 2.560464705882353198e-01 2.954226470588235429e+02 1.179978235294118072e+01
5.984385714285715352e+01 2.560464705882353198e-01 2.954255882352941285e+02 1.196969411764706059e+01
9.109845714285715701e+01 2.560464705882353198e-01 2.961268181818181802e+02 1.182813529411764897e+01
1.291091176470588096e+02 2.560464705882353198e-01 3.002068695652174029e+02 1.225971764705882627e+01
1.350567647058823297e+02 2.560464705882353198e-01 2.942968571428571636e+02 5.429726378787878893e+00
1.350567647058823297e+02 2.560464705882353198e-01 2.939252941176470699e+02 1.110059722222221978e+01
1.350567647058823297e+02 2.560464705882353198e-01 2.934105882352941421e+02 1.354493142857142551e+01
1.456252941176470586e+02 2.560464705882353198e-01 2.868607594936708551e+02 1.140555294117647200e+01
1.845798000000000343e+02 2.560464705882353198e-01 2.928080000000000496e+02 1.243014400000000030e+01
2.090656790123456119e+02 2.560464705882353198e-01 2.941129411764706560e+02 2.501318181818182396e+01
1.741427659574468123e+02 2.560464705882353198e-01 2.939608823529412120e+02 1.087853333333333161e+01
1.461661904761905078e+02 2.560464705882353198e-01 2.939608823529412120e+02 1.174744999999999884e+01
9.991483783783786521e+01 2.560464705882353198e-01 2.939608823529412120e+02 1.155644999999999811e+01
6.088193243243243558e+01 2.560464705882353198e-01 2.939585294117647436e+02 1.140184117647058670e+01
9.977625641025636583e+01 2.560464705882353198e-01 2.939114705882353746e+02 1.260812820512820664e+01
1.403120588235293553e+02 2.560464705882353198e-01 2.973251666666666324e+02 3.435284493975904851e+00
1.497844117647058511e+02 2.560464705882353198e-01 3.028987943262411591e+02 1.099671443636363577e+01
1.497844117647058511e+02 2.560464705882353198e-01 2.977138461538461343e+02 3.671676923076923771e+01
1.497844117647058511e+02 2.560464705882353198e-01 2.934393877551020751e+02 1.359306214516128719e+01
1.497844117647058511e+02 2.560464705882353198e-01 2.860619999999999550e+02 7.339319857142856840e+00
1.527952941176470176e+02 2.560464705882353198e-01 2.930402941176470790e+02 3.850455215909090789e+00
1.850837500000000375e+02 2.560464705882353198e-01 2.935252941176470927e+02 1.552498934426229482e+01
2.092939024390244356e+02 2.560464705882353198e-01 2.935252941176470927e+02 4.361104999999999166e+01
1.660436507936507837e+02 2.560464705882353198e-01 2.935252941176470927e+02 4.273771737864077380e+00
1.141861836734693867e+02 2.560464705882353198e-01 2.935252941176470927e+02 1.188761904761904553e+01
6.209453246753245281e+01 2.560464705882353198e-01 2.935252941176470927e+02 9.424082195121952665e+00
9.630349999999999966e+01 2.560464705882353198e-01 2.935786111111111722e+02 1.759989622641509399e+01
1.381611764705882308e+02 2.560464705882353198e-01 2.960264285714285961e+02 3.247672688888890047e+00
1.467114705882352723e+02 2.560464705882353198e-01 3.006246825396825670e+02 8.852316216216216560e+00
1.467114705882352723e+02 2.560464705882353198e-01 2.957612820512820235e+02 6.120405297872340000e+00
1.467114705882352723e+02 2.560464705882353198e-01 2.946826470588235338e+02 1.717261859649122968e+01
1.467114705882352723e+02 2.560464705882353198e-01 2.903687931034482403e+02 3.515156603773585431e+01
1.544282352941176271e+02 2.560464705882353198e-01 2.945102941176469926e+02 1.514288613636363223e+01
1.839203921568626754e+02 2.559308823529412025e-01 2.945102941176469926e+02 9.180293888888890308e+00
2.065854347826087007e+02 2.462145454545454082e-01 2.945226470588235088e+02 8.581826909090910505e+00
1.623019298245613982e+02 2.744090322580644559e-01 2.945226470588235088e+02 1.821217177586206404e+01
1.112535111111111235e+02 2.492573170731707810e-01 2.945276470588235043e+02 5.162527476923077785e+00
6.229232894736841075e+01 2.540523529411764514e-01 2.945461764705882501e+02 1.684624514018691288e+00
9.222405714285712008e+01 2.566114705882353020e-01 2.946141176470587766e+02 7.867179487179487118e+00
1.283835294117646981e+02 2.555780000000000274e-01 2.978936082474227192e+02 5.106868103448276131e+00
1.442752941176470358e+02 2.434281818181818491e-01 2.946908823529411734e+02 2.135554070707071261e+00
1.442752941176470358e+02 2.550067647058823495e-01 2.944167647058823150e+02 1.193368990566037624e+01
1.442752941176470358e+02 2.550652941176471122e-01 2.928982857142856915e+02 4.298264285714284938e+01
1.442752941176470358e+02 2.546726470588235314e-01 2.861989705882353974e+02 1.803126250000000041e+01
1.453647058823529221e+02 2.546726470588235314e-01 2.930708333333333826e+02 2.424641176470587212e+01
1.809084210526316099e+02 2.546726470588235314e-01 2.940382352941176691e+02 6.187824693877550963e+00
2.092099999999999795e+02 2.546726470588235314e-01 2.941523529411765026e+02 2.401283175879397103e+00
1.656371929824561278e+02 2.546726470588235314e-01 2.941523529411765026e+02 1.447782142857142773e+01
1.186934000000000111e+02 2.545705882352941041e-01 2.941523529411765026e+02 5.889908965517240524e+00
6.054317499999999086e+01 2.537170588235294622e-01 2.942417647058823036e+02 1.009790857142857234e+01
9.419216666666663684e+01 2.620531707317073633e-01 2.942749999999999204e+02 9.113719444444443596e+00
1.344350000000000307e+02 2.178838399999999953e-01 2.967332000000000107e+02 9.829064705882352371e+00
1.502629411764706049e+02 2.535265000000000435e-01 3.011430409356723885e+02 9.242834999999999468e+00
1.502629411764706049e+02 2.578888571428571419e-01 2.958739534883720239e+02 9.385511428571428283e+00
1.502629411764706049e+02 2.553965714285714728e-01 2.929883333333333439e+02 1.285975128205128293e+01
1.608922857142856913e+02 2.643954716981131714e-01 2.854314285714285688e+02 6.453425052631579284e+00
1.828249999999999886e+02 2.542717142857143231e-01 2.930862790697674427e+02 3.540808666666666227e+01
2.107580263157894080e+02 2.555158823529412038e-01 2.947414705882352450e+02 1.225626896551724165e+01
1.797618750000000318e+02 2.553464705882353414e-01 2.947414705882352450e+02 2.361433542372881167e+00
1.546061702127659601e+02 2.553464705882353414e-01 2.947414705882352450e+02 7.117309794871794715e+00
1.112333783783783616e+02 2.553464705882353414e-01 2.947414705882352450e+02 5.494762142857141818e+00
6.121570000000000533e+01 2.553464705882353414e-01 2.947414705882352450e+02 1.587605312499999854e+01
9.589494444444444810e+01 2.553464705882353414e-01 2.946958823529411688e+02 6.307388363636364126e+00
1.346826470588235622e+02 2.553464705882353414e-01 2.965209523809523944e+02 1.635287327102803889e+00
1.491714705882352803e+02 2.553464705882353414e-01 3.015370680628273590e+02 5.792912630434781995e+00
1.491714705882352803e+02 2.553464705882353414e-01 2.969542000000000712e+02 2.583812725806451027e+01
1.491714705882352803e+02 2.553464705882353414e-01 2.936356097560975513e+02 1.586210166666666588e+01
1.491714705882352803e+02 2.553464705882353414e-01 2.855880882352940944e+02 5.410653191489361546e+01
1.517582352941176396e+02 2.553464705882353414e-01 2.926328571428571195e+02 1.600123365079364746e+01
1.848061538461538191e+02 2.553464705882353414e-01 2.952608108108108240e+02 5.769581904761905022e+00
2.077183132530120986e+02 2.553464705882353414e-01 2.954479411764706356e+02 8.234132631578948036e+00
1.630091803278688474e+02 2.553464705882353414e-01 2.954126470588235520e+02 6.700092352941174667e+00
1.153798461538461595e+02 2.553464705882353414e-01 2.954126470588235520e+02 6.946727647058822619e+00
6.309471951219511254e+01 2.553464705882353414e-01 2.954126470588235520e+02 7.530465882352941343e+00
9.376471794871793008e+01 2.553464705882353414e-01 2.954126470588235520e+02 1.666345632302405955e+00
1.384847058823529551e+02 2.553464705882353414e-01 2.965476923076923299e+02 1.688642571428571415e+01
1.499597058823529494e+02 2.553464705882353414e-01 3.015357142857143344e+02 1.494651470588235220e+01
1.499597058823529494e+02 2.553464705882353414e-01 2.972510638297871992e+02 1.515629705882353129e+01
1.499597058823529494e+02 2.553464705882353414e-01 2.939337837837838379e+02 1.507706176470588488e+01
1.499597058823529494e+02 2.553464705882353414e-01 2.861312000000000353e+02 2.481781818181818267e+01
1.555067647058823752e+02 2.553464705882353414e-01 2.931629411764705537e+02 1.479020000000000046e+01
1.832887999999999806e+02 2.553464705882353414e-01 2.937850000000000250e+02 1.295506176470588144e+01
2.071760240963855040e+02 2.553464705882353414e-01 2.957064705882352769e+02 1.354247647058823567e+01
1.645859999999999559e+02 2.553464705882353414e-01 2.957547058823529937e+02 3.990974393258427177e+00
1.167120952380952019e+02 2.553464705882353414e-01 2.956838235294118249e+02 1.213698823529411719e+01
6.116076543209877059e+01 2.553464705882353414e-01 2.956838235294118249e+02 1.114224857142857061e+01
9.494883333333331166e+01 2.553464705882353414e-01 2.956838235294118249e+02 1.204061470588235316e+01
1.335576470588235622e+02 2.553464705882353414e-01 2.969065853658536867e+02 1.165154999999999852e+01
1.538552941176470483e+02 2.553464705882353414e-01 3.021970547945205112e+02 9.222279069767441939e+00
1.538552941176470483e+02 2.553464705882353414e-01 2.974959036144578590e+02 1.718803658536585388e+01
1.538552941176470483e+02 2.553464705882353414e-01 2.931820408163265483e+02 1.100943602380952235e+01
1.538552941176470483e+02 2.553464705882353414e-01 2.860928169014084688e+02 3.386337999999999226e+01
1.703945000000000221e+02 2.553464705882353414e-01 2.928602857142856237e+02 1.260461925714285769e+01
1.898565853658536753e+02 2.553464705882353414e-01 2.955876470588236202e+02 1.589157727272727527e+01
2.096937037037037328e+02 2.553464705882353414e-01 2.952958823529411916e+02 2.876514989247311416e+00
1.660554237288135369e+02 2.553464705882353414e-01 2.952958823529411916e+02 8.598765999999999465e+00
1.158035000000000139e+02 2.553464705882353414e-01 2.952958823529411916e+02 2.141691466666666432e+00
6.146008860759493331e+01 2.553464705882353414e-01 2.972904166666666015e+02 8.832164705882350475e+00
9.545294444444444082e+01 2.553464705882353414e-01 3.020106437768239971e+02 8.763382352941174958e+00
1.321879411764706163e+02 2.553464705882353414e-01 2.967042105263157055e+02 8.870938235294115515e+00
1.464741176470588186e+02 2.553464705882353414e-01 2.948849999999999909e+02 8.870938235294115515e+00
1.477185294117647061e+02 2.553464705882353414e-01 2.946364705882352837e+02 9.073499999999999233e+00
1.477185294117647061e+02 2.553464705882353414e-01 2.932200000000001410e+02 5.551825090909090044e+00
1.477185294117647061e+02 2.553464705882353414e-01 2.863150724637682174e+02 3.346326153846153773e+01
1.648058823529411256e+02 2.553464705882353414e-01 2.926783333333333417e+02 1.230545032352941526e+01
1.880221739130434457e+02 2.553464705882353414e-01 2.944332352941177078e+02 3.500991069565217106e+00
2.097972727272727695e+02 2.553464705882353414e-01 2.944661764705882661e+02 8.026805428571428536e+00
1.656240000000000236e+02 2.553464705882353414e-01 2.944661764705882661e+02 2.684749384615385637e+01
1.179105111111111199e+02 2.553464705882353414e-01 2.944661764705882661e+02 3.856960618556702247e+00
6.315882499999997890e+01 2.553464705882353414e-01 2.944661764705882661e+02 1.235222458333333506e+01
9.702853846153846007e+01 2.553464705882353414e-01 2.945673529411764662e+02 7.090119444444443531e+00
1.344152941176470506e+02 2.553464705882353414e-01 2.965093023255814160e+02 8.044514705882352956e+00
1.412426470588235361e+02 2.553464705882353414e-01 3.018789374999999495e+02 7.928105882352942224e+00
1.412426470588235361e+02 2.553464705882353414e-01 2.977616666666665992e+02 8.191794117647061668e+00
1.412426470588235361e+02 2.553464705882353414e-01 2.935027659574468544e+02 8.096455882352941558e+00
1.412426470588235361e+02 2.553464705882353414e-01 2.865272307692308118e+02 4.795942039473684027e+00
1.453835294117646981e+02 2.553464705882353414e-01 2.927109090909091265e+02 1.416919895652173800e+01
1.803517741935483798e+02 2.553464705882353414e-01 2.951741176470587789e+02 3.233607142857143657e+01
2.075532183908046591e+02 2.553464705882353414e-01 2.951785294117646572e+02 1.199904999999999866e+01
1.626478947368420904e+02 2.553464705882353414e-01 2.951585294117646754e+02 1.106530314285714134e+01
1.156773414634146491e+02 2.553464705882353414e-01 2.951029411764705515e+02 1.363182558139534528e+01
6.084277500000001027e+01 2.553464705882353414e-01 2.951029411764705515e+02 3.887618041237113520e+00
9.259247222222221296e+01 2.553464705882353414e-01 2.951982352941175805e+02 1.304215882352941414e+01
1.364632352941176521e+02 2.553464705882353414e-01 2.984988461538461593e+02 1.347322058823529467e+01
1.554126470588235236e+02 2.553464705882353414e-01 3.016631468531468272e+02 1.347322058823529467e+01
1.554126470588235236e+02 2.553464705882353414e-01 2.963942105263157600e+02 1.347322058823529467e+01
1.554126470588235236e+02 2.553464705882353414e-01 2.942840476190475556e+02 1.347322058823529467e+01
1.554126470588235236e+02 2.553464705882353414e-01 2.870878651685393379e+02 1.347322058823529467e+01
1.578679411764706231e+02 2.553464705882353414e-01 2.937417647058823036e+02 1.399019117647058863e+01
1.855259999999999252e+02 2.553464705882353414e-01 2.945005263157894433e+02 1.143819210526315722e+01
2.101204938271605158e+02 2.553464705882353414e-01 2.976118965517241008e+02 2.431120000000000303e+01
1.747060377358490655e+02 2.553464705882353414e-01 3.024435928143711863e+02 8.146169772727271052e+00
1.290970731707317327e+02 2.553464705882353414e-01 2.971367346938775427e+02 1.832412887755101805e+00
9.467167647058822411e+01 2.553464705882353414e-01 2.926893750000000409e+02 6.192056756756757707e+00
5.997152112676057811e+01 2.553464705882353414e-01 2.961326315789473824e+02 5.148505882352941043e+00
9.307141666666666424e+01 2.553464705882353414e-01 2.973661904761904680e+02 5.128841176470587016e+00
1.347797058823529426e+02 2.553464705882353414e-01 3.023428476821191566e+02 5.402949999999998809e+00
1.465635294117647049e+02 2.553464705882353414e-01 2.976204444444443880e+02 1.903511333333333777e+00
1.465635294117647049e+02 2.553464705882353414e-01 2.951285714285713198e+02 1.912824115000000447e+01
1.465635294117647049e+02 2.553464705882353414e-01 2.901981081081080447e+02 1.491822981132075654e+01
1.711557142857142821e+02 2.553464705882353414e-01 2.944629268292682696e+02 5.050317073170732129e+01
1.864571111111111463e+02 2.553464705882353414e-01 2.959814705882351973e+02 1.797439354838709846e+01
2.087480821917807816e+02 2.553464705882353414e-01 2.962934285714284215e+02 4.142231204545455014e+00
1.649730434782608768e+02 2.553464705882353414e-01 2.960617647058822399e+02 6.466444186046511611e+00
1.133469285714285917e+02 2.553464705882353414e-01 2.960747058823528164e+02 5.663208823529410907e+00
6.170171794871794191e+01 2.553464705882353414e-01 2.960747058823528164e+02 5.551002941176470529e+00
9.547952631578945670e+01 2.553464705882353414e-01 2.960855882352939830e+02 7.291472000000001508e+00
1.378876470588235748e+02 2.553464705882353414e-01 2.974111111111109835e+02 3.349444523809523844e+00
1.488955882352941273e+02 2.553464705882353414e-01 3.016714556962024858e+02 5.873311764705881011e+00
1.488955882352941273e+02 2.541525000000000589e-01 2.967911111111110358e+02 5.701081764705881127e+00
1.488955882352941273e+02 2.622755102040816855e-01 2.941508571428570917e+02 4.951813235294117099e+00
1.488955882352941273e+02 2.537741666666667451e-01 2.862815873015872512e+02 9.106697169811319270e+00
1.488955882352941273e+02 2.561773529411764394e-01 2.924897499999999582e+02 3.619630338983051132e+01
1.727773913043477876e+02 2.506661538461538719e-01 2.949297058823529483e+02 1.963140319148936186e+01
2.103602173913043316e+02 2.897913846153846174e-01 2.948350000000000364e+02 4.151732046153846056e+00
1.708332258064515941e+02 2.630538888888888649e-01 2.948332352941176850e+02 7.592806779661014360e+00
1.213651276595745117e+02 2.341080000000000105e-01 2.948332352941176850e+02 1.106734255319148730e+01
6.181282278481014458e+01 2.595351351351352087e-01 2.948332352941176850e+02 2.170081538461538884e+01
9.392668571428568214e+01 2.655490196078431619e-01 2.952871428571428964e+02 3.145813703703703723e+00
1.356347058823529323e+02 2.564826470588235652e-01 3.000789075630252114e+02 6.922187105263158280e+00
1.435217647058823616e+02 2.564826470588235652e-01 2.962815384615384460e+02 2.210824175675675907e+00
1.439800000000000182e+02 2.564826470588235652e-01 2.942605405405404895e+02 5.563101764705883134e+00
1.434347058823529721e+02 2.564826470588235652e-01 2.926722222222222740e+02 5.145622184210526306e+00
1.434347058823529721e+02 2.564826470588235652e-01 2.856494366197183012e+02 2.103637919999999895e+01
1.485467647058823673e+02 2.564826470588235652e-01 2.937333333333332348e+02 5.999597727272728065e+01
1.799361224489795177e+02 2.564826470588235652e-01 2.948244117647058715e+02 2.171535074626865480e+01
2.090515730337078253e+02 2.564826470588235652e-01 2.948244117647058715e+02 7.297097607843135769e+00
1.668085454545454240e+02 2.564826470588235652e-01 2.952238235294117885e+02 2.824194927007298350e+00
1.199331836734693155e+02 2.564826470588235652e-01 2.952214705882353201e+02 1.114129736842105345e+01
6.283635365853658783e+01 2.564826470588235652e-01 2.956602941176470836e+02 1.876713658536585427e+01
9.601474999999999227e+01 2.564826470588235652e-01 2.962015384615385187e+02 1.111093194444444521e+01
1.378408823529411507e+02 2.564588235294117946e-01 2.974523684210526540e+02 1.224748823529411901e+01
1.494247058823529528e+02 2.568452941176471160e-01 3.025242285714286936e+02 1.423894857142857440e+01
1.494247058823529528e+02 2.567479411764705954e-01 2.986647058823529051e+02 1.039195112500000207e+01
1.494247058823529528e+02 2.378948387096774808e-01 2.964153658536584430e+02 2.667955543478259628e+01
1.494247058823529528e+02 2.557099999999999929e-01 2.926954761904761426e+02 9.514655882352942129e+00
1.619691428571428844e+02 2.550794117647058323e-01 2.869374324324325016e+02 9.430754411764707967e+00
1.881082978723404722e+02 2.556482352941176206e-01 2.953205999999999563e+02 9.613876470588236245e+00
2.093471428571428135e+02 2.544631428571428877e-01 3.010502614379085458e+02 1.161920571428571769e+01
1.642290000000000134e+02 2.047886875000000106e-01 2.973240476190476898e+02 1.132818235294118026e+01
1.168995238095237994e+02 2.553820000000000534e-01 2.961205882352941217e+02 1.027452500000000235e+01
6.025912658227847629e+01 2.456911904761904519e-01 2.962076470588235679e+02 2.246354152777777280e+00
9.364491428571425047e+01 2.169615432098765395e-01 2.962052941176470995e+02 6.330409411764707173e+00
1.317105882352941251e+02 2.461982352941176344e-01 2.962052941176470995e+02 9.339095348837208377e+00
1.424749999999999659e+02 2.423046341463414854e-01 2.962755882352941512e+02 3.812997142857142308e+01
1.424749999999999659e+02 2.601390476190476586e-01 2.962220588235294372e+02 1.544812432432432558e+01
1.424749999999999659e+02 2.515227777777778173e-01 2.933460000000000605e+02 1.488514705882353084e+01
1.424749999999999659e+02 2.287714814814814923e-01 2.869572972972973162e+02 7.682353486111112240e+00
1.455576470588235054e+02 1.655187825112107158e-01 2.944168571428571113e+02 1.525097500000000394e+01
1.831161538461538498e+02 2.352168749999999919e-01 2.952132352941175100e+02 2.762185294117646706e+01
2.093824705882353499e+02 2.738225242718446695e-01 2.952394117647057783e+02 6.184161857142858487e+00
1.664625396825396990e+02 2.338377173913043228e-01 2.952394117647057783e+02 1.007852588235294178e+01
1.181818139534883585e+02 2.541391428571428968e-01 2.952394117647057783e+02 1.744053611111110769e+01
6.331881250000001415e+01 2.528429411764706036e-01 2.952394117647057783e+02 1.521092405405405401e+01
9.336371428571429476e+01 2.531264705882352861e-01 2.952544117647057647e+02 2.861329032258063876e+01
1.357761764705882399e+02 2.531264705882352861e-01 2.980898387096773945e+02 5.143561288135594545e+00
1.450773529411764855e+02 2.531264705882352861e-01 3.026597014925372378e+02 1.586563947368420813e+01
1.450773529411764855e+02 2.531264705882352861e-01 2.973093999999999255e+02 1.231533616666666830e+01
1.450773529411764855e+02 2.531264705882352861e-01 2.938960975609755906e+02 1.713188025641025902e+01
1.500182352941176305e+02 2.531264705882352861e-01 2.866286301369862599e+02 1.554998216216216278e+01
1.829055319148936292e+02 2.531264705882352861e-01 2.928235135135134897e+02 1.164632917391304190e+01
2.122486666666667077e+02 2.531264705882352861e-01 2.953938235294118044e+02 5.056078260869564645e+01
1.810964285714285325e+02 2.531264705882352861e-01 2.953938235294118044e+02 1.843507352941176336e+01
1.576830612244897907e+02 2.531264705882352861e-01 2.953938235294118044e+02 2.664283654929576972e+00
1.119116585365853638e+02 2.531264705882352861e-01 2.953938235294118044e+02 5.261857769230768866e+00
6.213951898734178059e+01 2.531264705882352861e-01 2.953938235294118044e+02 7.391259673076922887e+00
9.433391428571427184e+01 2.531264705882352861e-01 2.956914285714285029e+02 1.535948947368420825e+01
1.340949999999999989e+02 2.531264705882352861e-01 2.982322641509432515e+02 1.211528352941176401e+01
1.468870588235294292e+02 2.531264705882352861e-01 3.023767441860464373e+02 1.163100257142856897e+01
1.468870588235294292e+02 2.522873529411764348e-01 2.975096610169489963e+02 1.261159117647058459e+01
1.468870588235294292e+02 2.544702777777778091e-01 2.938160869565218150e+02 1.359431666666666416e+01
1.468870588235294292e+02 2.429679166666666723e-01 2.866380882352941057e+02 2.860867647058822882e+01
1.478411764705882376e+02 2.867649264705883216e-01 2.935407894736841286e+02 1.320969090909090760e+01
1.815862264150943588e+02 2.550590566037735374e-01 2.950588235294117112e+02 1.043432976744186469e+01
2.070056818181817846e+02 2.218574999999999575e-01 2.951435294117646322e+02 1.700650465116278909e+01
1.651380952380952181e+02 2.694207352941176414e-01 2.951435294117646322e+02 4.600361572815534039e+00
1.144030250000000137e+02 2.540021052631579179e-01 2.951435294117646322e+02 1.533845277777777660e+01
6.294667469879519928e+01 2.371690697674418702e-01 2.951435294117646322e+02 1.292881764705882297e+01
1.020505249999999933e+02 1.786034693877550372e-01 2.951485294117646276e+02 1.314456764705882286e+01
1.427982352941176316e+02 2.331094782608695570e-01 2.952511764705881774e+02 1.314456764705882286e+01
1.500929411764705605e+02 2.951293604651163416e-01 2.978867857142856792e+02 1.314456764705882286e+01
1.500929411764705605e+02 2.542637777777777552e-01 3.028114634146342041e+02 1.314456764705882286e+01
1.500929411764705605e+02 2.611675000000000524e-01 2.968625454545454545e+02 1.314456764705882286e+01
1.500929411764705605e+02 2.606344117647059200e-01 2.874356578947368348e+02 1.314456764705882286e+01
1.533008823529411586e+02 2.618666666666668030e-01 2.926557142857142253e+02 1.314456764705882286e+01
1.848305555555555770e+02 2.578694736842105928e-01 2.952248837209301087e+02 1.314456764705882286e+01
2.125392307692307270e+02 2.609655882352941991e-01 2.982278571428571468e+02 1.314456764705882286e+01
1.632284615384615165e+02 2.679830434782609072e-01 3.027506756756757227e+02 1.314456764705882286e+01
1.144923500000000161e+02 2.611208823529412859e-01 2.990536111111111381e+02 1.314456764705882286e+01
6.279570731707315900e+01 2.407636111111110810e-01 2.982100000000000364e+02 1.314456764705882286e+01
1.013596153846153669e+02 2.679614285714286281e-01 2.968809090909091424e+02 1.314456764705882286e+01
1.400338235294117908e+02 3.181961275272161549e-01 2.985634285714285738e+02 1.314456764705882286e+01
1.417317647058823411e+02 2.747476190476190738e-01 3.034280088495575569e+02 1.186610256410256348e+01
1.417317647058823411e+02 2.448312244897959122e-01 2.974446938775510034e+02 1.253093529411764884e+01
1.417317647058823411e+02 2.557616216216216931e-01 2.934427777777777351e+02 1.753979999999999961e+01
1.417317647058823411e+02 2.168727096774193119e-01 2.865692957746478555e+02 1.180186857142857093e+01
1.505229411764705958e+02 2.652395161290322934e-01 2.939369047619047706e+02 3.647532608695652101e+01
1.827248333333333790e+02 2.350841304347825178e-01 2.962282352941176669e+02 1.829122000000000270e+01
2.095171052631579016e+02 2.713956249999999737e-01 2.961568571428571204e+02 6.401492145833332259e+00
1.663629824561403154e+02 2.606195121951219718e-01 2.961882352941176464e+02 2.620221457142857258e+00
1.188385227272727604e+02 2.051232258064515923e-01 2.961882352941176464e+02 2.336926753246753208e+01
6.284976190476190538e+01 2.496128947368421169e-01 2.961882352941176464e+02 3.956787581395348585e+00
9.521211428571427859e+01 2.527729411764706446e-01 2.973763414634145761e+02 1.344845853658536683e+01
1.352258823529411700e+02 2.522644117647058759e-01 3.019067479674798165e+02 8.410792500000001226e+00
1.447967647058823388e+02 2.522417647058823875e-01 2.983424999999999727e+02 2.354634938053096871e+00
1.447967647058823388e+02 2.517954285714285589e-01 2.950741666666667129e+02 5.754735648648650503e+00
1.447967647058823388e+02 2.338013636363636683e-01 2.945282857142856869e+02 7.112990277777777592e+00
1.447967647058823388e+02 2.581276744186046801e-01 2.875603749999999650e+02 2.739019500000000207e+01
1.514799999999999898e+02 2.944501342281878875e-01 2.935161538461537702e+02 5.001550909090908448e+01
1.843816666666666606e+02 2.598440476190476134e-01 2.952458823529410665e+02 1.557998737500000175e+01
2.091175641025640743e+02 2.553911764705882326e-01 2.949858823529410756e+02 5.318368264150943325e+00
1.661030434782607870e+02 2.555467647058823899e-01 2.949858823529410756e+02 2.365900886363636157e+00
1.148969302325581623e+02 2.360865573770492276e-01 2.949776470588234361e+02 1.440402499999999719e+01
6.158188461538460956e+01 2.596636111111111922e-01 2.950291428571427446e+02 1.977768085106382756e+01
9.337613888888887459e+01 2.559858823529412297e-01 2.970235555555555038e+02 1.560281388888888721e+01
1.327002941176470756e+02 2.568199999999999927e-01 3.018808270676692018e+02 1.589614705882353007e+01
1.543420588235293849e+02 2.568199999999999927e-01 2.963521428571427236e+02 1.625964705882352845e+01
1.543420588235293849e+02 2.568199999999999927e-01 2.952711764705882160e+02 1.183020039583333016e+01
1.543420588235293849e+02 2.568199999999999927e-01 2.950402941176470790e+02 2.186893877551020537e+01
1.543420588235293849e+02 2.568199999999999927e-01 2.884386458333333394e+02 6.349360428571427128e+00
1.549497058823529017e+02 2.568199999999999927e-01 2.949851219512195257e+02 4.001859740259740050e+01
1.800472340425532138e+02 2.563608823529411884e-01 2.964252941176470131e+02 1.339130780487804984e+01
2.078583333333333485e+02 2.551361764705882273e-01 2.961167647058823036e+02 7.647069722222221699e+00
1.634601666666666802e+02 2.659537209302325622e-01 2.962026470588235156e+02 8.610439058823528669e+00
1.138313181818181903e+02 2.578051428571428993e-01 2.962026470588235156e+02 4.825352436781607857e+00
6.247086250000000973e+01 2.486743902439024489e-01 2.961664705882353132e+02 2.763685609756097961e+01
9.489982857142857142e+01 2.839863095238095436e-01 2.961805882352941239e+02 1.034733743859648847e+01
1.318173529411764946e+02 2.480433823529410997e-01 2.978111363636363649e+02 1.649154496124030977e+00
1.334229411764706015e+02 2.746748275862069266e-01 3.029573964497041061e+02 6.475176716417911926e+00
1.334229411764706015e+02 2.555791666666667461e-01 2.976219642857142844e+02 1.280253609999999576e+01
1.334229411764706015e+02 2.574767647058823772e-01 2.931756000000000313e+02 4.755704838709677063e+01
1.334229411764706015e+02 2.574452941176470500e-01 2.833895934959350598e+02 1.602220450000000440e+01
1.426150000000000375e+02 2.574452941176470500e-01 2.919794999999998595e+02 2.191851081081081176e+01
1.788953030303030403e+02 2.558202500000000823e-01 2.943638235294117749e+02 2.008446837837837862e+01
2.074404761904761756e+02 2.597863157894737540e-01 2.944597058823529778e+02 3.195336396039603954e+00
1.603303225806451167e+02 2.433303278688525029e-01 2.944597058823529778e+02 8.142217142857141710e+00
1.118573684210526409e+02 1.873723651452282313e-01 2.944597058823529778e+02 7.348700000000000010e+00
6.172784615384615137e+01 2.610155000000000114e-01 2.944597058823529778e+02 7.734954285714284339e+00
9.323861111111109778e+01 2.553238333333333610e-01 2.946400000000000432e+02 6.905974871794869685e+00
1.331097058823529551e+02 2.445988461538461944e-01 2.993229787234041623e+02 1.089977948717948664e+01
1.380394117647059034e+02 2.794210169491525564e-01 3.044868524590165180e+02 2.208629973214285336e+00
1.513038235294117726e+02 2.499216666666666808e-01 2.971456000000000017e+02 6.221604018518516632e+00
1.505202941176470119e+02 2.212530434782608579e-01 2.929895121951219039e+02 1.916696949152542473e+01
1.505202941176470119e+02 3.164968161434977834e-01 2.855879220779220304e+02 3.991218906250000487e+01
1.523405882352940921e+02 3.783396855345912968e-01 2.921148571428570904e+02 9.217329433962264673e+00
1.842833962264151069e+02 2.878060714285715083e-01 2.936838235294117112e+02 1.236100294117647458e+01
2.114031168831169509e+02 3.069234246575342495e-01 2.946013333333332298e+02 1.501026341463414404e+01
1.654103030303030266e+02 2.750310552763819416e-01 2.934991176470587675e+02 1.213022702702702915e+01
1.166144782608695749e+02 3.106931092436975295e-01 2.934249999999999545e+02 3.579879372641508795e+00
6.184312345679012424e+01 2.140750000000000153e-01 2.930814285714285461e+02 1.028558672972973120e+01
9.879881578947366449e+01 1.333443627639155638e-01 2.942910256410256125e+02 3.066998194444445502e+01
1.685703867924528083e+02 2.753449999999999509e-01 3.010458695652174015e+02 6.643355224637681467e+00
