1.049438579472798594e+01 1.683523700823075231e-01 2.660653068086298845e+02 3.469422555282557497e+00
5.839287332646762962e+01 3.987417442672739343e-01 2.854543983402490426e+02 1.320357880328713485e+01
1.094909656470029269e+01 2.536079153605012015e-01 2.716887834821427532e+02 3.549312435336973603e+00
3.325436006224065011e+01 2.999424448529408593e-01 2.837547924187724675e+02 7.324148063209070969e+00
3.509793163900412338e+01 3.067757130004497013e-01 2.866606528497412683e+02 4.958603103042875659e+00
3.509793163900412338e+01 3.395751910132799867e-01 2.889797106690780311e+02 1.001211098130840860e+01
4.437722244897960877e+01 3.007780396475771001e-01 2.863913796680498081e+02 2.513713477570092003e+00
1.189173548324323271e+01 2.866557443946191053e-01 2.865030186721992322e+02 6.919916650434783101e+00
8.001490800171167450e+01 3.035257266187051939e-01 2.865353734439834170e+02 5.892997571428568726e+00
1.219667039413381673e+02 2.924780546302468420e-01 2.859980185758514040e+02 2.341040415214869697e+01
1.295988568479008336e+02 3.177138954086881073e-01 3.041766664374613924e+02 7.532581789171969966e+00
9.559097932175353662e+01 3.701265682193967121e-01 2.876154043767839994e+02 2.474866220604292621e+00
5.437525536261496484e+01 2.965896065057713749e-01 2.847299585062243636e+02 5.559513379636925379e+00
4.616808114754098824e+01 2.900081136363638068e-01 2.845044398340252201e+02 7.332759249420842451e+00
1.640069974664105956e+01 2.781691259765627366e-01 2.833290825688075074e+02 3.280672884290537272e+00
6.103372284926984470e+00 2.900884150943398576e-01 2.762458544726299010e+02 9.452236466019424910e+00
2.951239869083586598e+01 2.965693537787514322e-01 2.650486234223658926e+02 4.775454390715666797e+00
4.220686078431371158e+01 2.884146130030961208e-01 2.764950146842875824e+02 1.468911652745992846e+01
4.351484865145229719e+01 3.421633143958607293e-01 2.840367545638944193e+02 3.181880518063024965e+00
4.363153537344400945e+01 4.442823125347158397e-01 2.851589730290459102e+02 9.528016600368333755e+00
5.050387689938396818e+01 3.116486425878147171e-01 2.851499688796682221e+02 5.918079407066803022e+00
7.862545244215941409e+01 2.635871319444442751e-01 2.856032883817429706e+02 3.327960240673888137e+01
1.306518857257414936e+02 2.954425488493269691e-01 2.935355238095235109e+02 4.404512613922010544e+00
9.995259999999996126e+01 2.830846413137422246e-01 2.864668524251810027e+02 1.290684252443931967e+01
5.653651885830796431e+01 2.824634689725328829e-01 2.852704771784233913e+02 4.775004239575442178e+00
4.696733160621771930e+01 2.804424112829844162e-01 2.836801037344400243e+02 3.105490032915355858e+00
1.479404228214615635e+01 2.829691028225803651e-01 2.821122950819674315e+02 1.720366956066943898e+00
5.517108291282347032e+00 2.826733229813662152e-01 2.741873360655740157e+02 7.164185785430474240e+00
3.088130957775489804e+01 2.826968879668047552e-01 2.614279278384644272e+02 3.053915400130545077e+00
3.415626569948184965e+01 2.826948755186720064e-01 2.751642391984970573e+02 4.167887799999997256e+00
4.520982176165799160e+01 2.826922406639002516e-01 2.849762731006159697e+02 5.965781382581640813e+00
5.588244670050760021e+01 2.826778008298752587e-01 2.861047821576764818e+02 1.585898915115411256e+00
8.130874215436821828e+01 2.826885165975101533e-01 2.861027282157677973e+02 3.428651551523944629e+00
1.364013618307428430e+02 2.826960788381741030e-01 2.867805463917527504e+02 1.012254213645483070e+01
1.055705858490565703e+02 2.826995435684644953e-01 2.933912352941176778e+02 4.755717223718501252e+00
9.654964537654905143e+01 2.826993464730287453e-01 2.848314522821578976e+02 2.295364729378528779e+01
5.385330122950814769e+01 2.826943360995848864e-01 2.842900726141081691e+02 5.914217737638161942e+00
4.689993004115221709e+01 2.826876452282155450e-01 2.842762240663903981e+02 1.692786782376502375e+00
1.444532880521901319e+01 2.826864107883815258e-01 2.831844138634047567e+02 2.895930968094805547e+00
6.072413035801704773e+00 2.826864730290454264e-01 2.749949241964824296e+02 2.198834978967495246e+00
2.908140402892560061e+01 2.826863589211616734e-01 2.610167658473483243e+02 2.365422680497925256e+00
3.180835615305066710e+01 2.826862344398338167e-01 2.764570281400136764e+02 2.297373031504065910e+00
3.679354984583759602e+01 2.826861721991699716e-01 2.856181404958679764e+02 2.517942210837440520e+00
5.647952946954810471e+01 2.826863900414935404e-01 2.863538796680499559e+02 1.358932594425483975e+00
8.641660485268634773e+01 2.826879149377590772e-01 2.863323340248963973e+02 4.445944311176035058e+00
1.327401346399661008e+02 2.826920746887964797e-01 2.867820954356846528e+02 2.702987050561803439e+00
9.729945471349354591e+01 2.826980186721990140e-01 2.960390432098769224e+02 9.541569966978554973e+00
8.444943768996957090e+01 2.826985477178421413e-01 2.869204873096448978e+02 3.040700820491108569e+00
5.390845341614903674e+01 2.826909958506222398e-01 2.854120746887967925e+02 3.788020291190864253e+00
4.796935056876937864e+01 2.826859543568462918e-01 2.853394398340249722e+02 1.991317924475526802e+00
1.562560364054851725e+01 2.826855186721988766e-01 2.833551821862346856e+02 2.970104011857710891e+00
6.090582518287238400e+00 2.826862136929458313e-01 2.760876594387754039e+02 2.785730010309281468e+00
3.027024979296062668e+01 2.826860580912861076e-01 2.637369267000294144e+02 2.742715398580124031e+00
3.255259048603926431e+01 2.826859543568462918e-01 2.769946750369271626e+02 3.093200366062918150e+00
4.581118737060042179e+01 2.826859232365143693e-01 2.862095799180331142e+02 1.326310375927889140e+00
5.234784989648026965e+01 2.826859128630703211e-01 2.868635165975105679e+02 2.286885345771145772e+00
8.333018320610695184e+01 2.826857468879665491e-01 2.868693672199171942e+02 6.153827742506816634e+00
1.373742595725733793e+02 2.826893153526968683e-01 2.878903156822810843e+02 3.259063698189135216e+00
1.075380966875558642e+02 2.826912033195018714e-01 2.969885604113117097e+02 1.461984349167181030e+01
9.265527141482202467e+01 2.826904875518670424e-01 2.863978328173374734e+02 5.644503336352648226e+00
4.918539278350518629e+01 2.826898236514521212e-01 2.854844502074689103e+02 2.095028535925611557e+00
4.440626708074532303e+01 2.826851659751034584e-01 2.854754300518134755e+02 2.611472305283756068e+00
1.535276495395949325e+01 2.826854979253109468e-01 2.820666536585366089e+02 2.286113001990050186e+00
5.557395061349696519e+00 2.826856846473027041e-01 2.754669964664313397e+02 1.345849248581157953e+00
2.909315997942384513e+01 2.826856639004147187e-01 2.635660716510902830e+02 2.332732430172413718e+00
3.142156950207466082e+01 2.826855601659749584e-01 2.771234017363846647e+02 5.018537641447364805e+00
3.349768501026691325e+01 2.826854875518670651e-01 2.849845454545452412e+02 2.207939753448276310e+00
5.829599800796805908e+01 2.826856535269706705e-01 2.855786410788380181e+02 2.746078978762697353e+00
8.706659210526314041e+01 2.826847199170122726e-01 2.865415384615384369e+02 1.437950177316291711e+00
1.347397041446205606e+02 2.826828319502073250e-01 2.947043500252910349e+02 4.328498377793298602e+00
1.059755889513109679e+02 2.827596169772254586e-01 2.858720910973082141e+02 1.071734034262485658e+01
9.319924834749754439e+01 2.823811477045907736e-01 2.852225207468876533e+02 4.350938299118383590e+00
4.501643660531689051e+01 2.840541813380281222e-01 2.851756639004145768e+02 2.028546484351712920e+00
3.400719647302906878e+01 2.801714490445857408e-01 2.851416269430048942e+02 1.160007242661449389e+00
3.330164066390042876e+01 2.894719634703194489e-01 2.835560315893386019e+02 3.868932490250695189e+00
5.867535145539225283e+00 2.750545766233767897e-01 2.762404904632146554e+02 2.259394238007380373e+00
3.185717422680410493e+01 2.265491359736548638e-01 2.634156248204538429e+02 2.583451772216547315e+00
3.646811929460580615e+01 2.717086257309942465e-01 2.758093904761906288e+02 2.465763601851850506e+00
4.311238589211620109e+01 2.887060909090911065e-01 2.849809844559583780e+02 2.402030730612245257e+00
4.531653600823047157e+01 2.791394505494505518e-01 2.857479149377591625e+02 2.908132445275962930e+00
7.052653831231806691e+01 2.839577041306436955e-01 2.864455704008219072e+02 1.344925878947368592e+00
9.008757805108785988e+01 2.823211153119093431e-01 2.932011128860487474e+02 6.103126250283763987e+00
1.325737562526495026e+02 2.827682051282053299e-01 2.849149896265562347e+02 1.646485282097647840e+01
9.439454966887403486e+01 2.827013900414938607e-01 2.833192531120330955e+02 5.882973779477368659e+00
5.228251599587201781e+01 2.827164315352698187e-01 2.833247925311202380e+02 2.448465048136645006e+00
4.582745623068993268e+01 2.827117946058092524e-01 2.833228941908712955e+02 1.183528412817550945e+00
1.581034391797557603e+01 2.827114211618257933e-01 2.825656490872208337e+02 2.332248862439022297e+00
6.221360525192665136e+00 2.827105290456432551e-01 2.763611573747353987e+02 2.102991375901132276e+00
3.059303581780541137e+01 2.827110477178425008e-01 2.627674855252276416e+02 2.153596899377591800e+00
3.361777790456436321e+01 2.827110165975105227e-01 2.771535577658761440e+02 2.119207299999999794e+00
4.437713575129532728e+01 2.827109543568466776e-01 2.843840101522840769e+02 2.319328790581161481e+00
4.958100622406637825e+01 2.827110788381743123e-01 2.849954668049790598e+02 1.426354413371675900e+00
5.578421413934430007e+01 2.827123651452283504e-01 2.867627692307688108e+02 3.253553096602257000e+00
7.983780316930770482e+01 2.827125207468880741e-01 2.951735010373450905e+02 8.052383561759716812e+00
1.345061210139002981e+02 2.827134958506226092e-01 2.861430587023683074e+02 2.997045669691471570e+00
9.497115378221126036e+01 2.827181016597511976e-01 2.851022302904560775e+02 2.251110965992645152e+00
5.866133636363635162e+01 2.827148547717844296e-01 2.851360995850619133e+02 2.687281044291338628e+00
3.942200482546201101e+01 2.827128941908714221e-01 2.851355809128627357e+02 1.526913357927788928e+00
1.705370681339713101e+01 2.827128008298755990e-01 2.838276441837735433e+02 4.452743129761133289e+00
5.926476970405446743e+00 2.827127385892116984e-01 2.774969608493694295e+02 2.574005283902440322e+00
2.977644553846152675e+01 2.827125726141080375e-01 2.637364377556986028e+02 2.776777974358974888e+00
3.147885539419088019e+01 2.827124896265561516e-01 2.768069079939670587e+02 2.703004412551442748e+00
3.166977448132781348e+01 2.827124170124483138e-01 2.848942206477732952e+02 2.992301379807692729e+00
3.248672987551867664e+01 2.827125622406640448e-01 2.858542634854771336e+02 1.336889979945799167e+00
5.652221359223295849e+01 2.827147302904565174e-01 2.870949797160241701e+02 2.225791274410773291e+00
8.720954086956530205e+01 2.827148547717843741e-01 2.949454336734693811e+02 5.001771484406106083e+00
1.347360309023486877e+02 2.827137033195022964e-01 2.861772821576761885e+02 1.319637241379310666e+01
9.759373182957382653e+01 2.827122302904565565e-01 2.854804875518671565e+02 4.836423265294118146e+00
5.772620201005028662e+01 2.827161825726142719e-01 2.854400414937758796e+02 1.523253341320555121e+00
3.455953926002055709e+01 2.827133609958507043e-01 2.854359128630704276e+02 2.938425669856454370e+00
1.423299491425818353e+01 2.827127800829876136e-01 2.834044060913706744e+02 2.561893263888886274e+00
5.829607296172534703e+00 2.827126556016598125e-01 2.762328700711053102e+02 2.828649630109669300e+00
3.109437745604962089e+01 2.827124792531122144e-01 2.619742014824799980e+02 2.025209754946727614e+00
3.526680465838506251e+01 2.827123651452284059e-01 2.743361670235544807e+02 4.869426269781930827e+00
4.234537863070534058e+01 2.827123132780084980e-01 2.844054239019411057e+02 1.195661931571496028e+00
4.282769502074683032e+01 2.827125103734440814e-01 2.857453008298758732e+02 2.634690695378150593e+00
6.136534630738527341e+01 2.827149273858922118e-01 2.860353457172345770e+02 7.830474219794339774e+00
8.464971022222212582e+01 2.827200829875520238e-01 2.940915689149562127e+02 2.044667724137934073e+01
1.327755133946423882e+02 2.827180705394191640e-01 2.853904979253117062e+02 7.013440430267054104e+00
8.880527796901895954e+01 2.827161721991702237e-01 2.847008506224071311e+02 2.683475255522831393e+00
5.315172595656670751e+01 2.827100207468881132e-01 2.846908298755191140e+02 1.278290346974315428e+00
4.703310477178423099e+01 2.827105082987553253e-01 2.846905394190875995e+02 4.085878099400182428e+00
3.879714500514931075e+01 2.827105290456432551e-01 2.821483835341367694e+02 3.016174565384615036e+00
5.785381040592291413e+00 2.827125414937760040e-01 2.753140714285716513e+02 3.441567803015074478e+00
2.926820995934960123e+01 2.827123858921163357e-01 2.610716733870970643e+02 2.855169146167553684e+00
3.712331190476189136e+01 2.827123029045644498e-01 2.752044066709431149e+02 6.293941950413223019e+00
4.023256680497927107e+01 2.827122717842325272e-01 2.838972893401020769e+02 2.558257762376237032e+00
4.732560123329906077e+01 2.827122821576764089e-01 2.850804253112034417e+02 3.355131166955019228e+00
6.982184761045989774e+01 2.827133091286307964e-01 2.861998157625383783e+02 1.466693499777083076e+00
1.144472472387424773e+02 2.827138485477180274e-01 2.952094772420018671e+02 4.781692671399601302e+00
1.368582553897181810e+02 2.827105186721992625e-01 2.873160412573673170e+02 1.367778267304446160e+01
9.868479304635764038e+01 2.827139315352698024e-01 2.839109439834023760e+02 3.680570304884069888e+00
5.826233814432990243e+01 2.827154253112035276e-01 2.839002697095434655e+02 6.938081751116786933e+00
5.239750875386202722e+01 2.827137136929461780e-01 2.837327800829875173e+02 1.682984951768489168e+00
1.813103935757578711e+01 2.827126659751038606e-01 2.827498982706001698e+02 4.716139450222884832e+00
6.104547926383977696e+00 2.827117427385892889e-01 2.759357368421052001e+02 3.529574766047297807e+00
2.984764733059548902e+01 2.827121784232367041e-01 2.626584788645481012e+02 1.897166660545906325e+00
3.571387780082993402e+01 2.827121369294607334e-01 2.761974448398575532e+02 1.081177394471026076e+01
3.564977430051819596e+01 2.827120643153528401e-01 2.839907003089602426e+02 3.077004821889520514e+00
4.407025402061861286e+01 2.827122614107884790e-01 2.843563070539422597e+02 5.796481376699017751e+00
6.755772166817766333e+01 2.827143049792532059e-01 2.871495102040816505e+02 1.628736880434781265e+00
1.109666894736842835e+02 2.827166597510375468e-01 2.967090760425186318e+02 5.664771089430892026e+00
1.377866575481256177e+02 2.827145124481328931e-01 2.875249741468459774e+02 1.917223302589182055e+01
1.002898746887966439e+02 2.827120435684648547e-01 2.861983402489628361e+02 4.071538704081635096e+00
5.383280499040309053e+01 2.827125933609960229e-01 2.860096369294607825e+02 6.944896463037634859e+00
1.554292617842323487e+01 2.827118568464731529e-01 2.860161203319504466e+02 1.500668996895786256e+00
1.331752453093812250e+01 2.827113174273859775e-01 2.833337375745528561e+02 3.348733064400714721e+00
6.037061207904352855e+00 2.827124481327802363e-01 2.761258458390178703e+02 2.685234950049947944e+00
3.023491200000000845e+01 2.827122821576764644e-01 2.616531699147381005e+02 2.822423920124478069e+00
3.298349979253114839e+01 2.827121991701246340e-01 2.754510556844547864e+02 2.799794936721988758e+00
3.299493340248965012e+01 2.827121265560167407e-01 2.839508941418296217e+02 2.801884086099581950e+00
4.862602888446210869e+01 2.827121058091287553e-01 2.847047199170127101e+02 2.800495393153523693e+00
6.906514681440451398e+01 2.827119294605810462e-01 2.847998443983404968e+02 2.801355144190868618e+00
1.023446130742049718e+02 2.827161307053943640e-01 2.922053054662382578e+02 2.801355144190868618e+00
1.341196180856179865e+02 2.827236721991702728e-01 2.853136542443060648e+02 2.801355144190868618e+00
9.819221959755029161e+01 2.827200414937760531e-01 2.848509958506220983e+02 2.798865102697092766e+00
5.458081999999994594e+01 2.827119190871370535e-01 2.848666182572611092e+02 2.800827654564312486e+00
4.351211913133401765e+01 2.827098132780084261e-01 2.849098547717837846e+02 2.802660227178420449e+00
1.446576605170731789e+01 2.827096265560167243e-01 2.833546908734047634e+02 2.802891554979250799e+00
5.685394749406883719e+00 2.827112863070540549e-01 2.747229908151545601e+02 2.800094044605806243e+00
2.836619440414508730e+01 2.827115456431537055e-01 2.635272262059973514e+02 2.796298193983399294e+00
2.924956639004148329e+01 2.827117531120333926e-01 2.766447711154095259e+02 2.829934829743587343e+00
3.643160082730088334e+01 2.827118879668051310e-01 2.851793287265548997e+02 2.619201080416269534e+00
5.504165123152709072e+01 2.827123029045643943e-01 2.862154564315354719e+02 3.537584835432405317e+00
8.531436546888690486e+01 2.827127904564316063e-01 2.864439566115705134e+02 1.401809231683166956e+00
1.348763548120613507e+02 2.827090041493777739e-01 2.930378168264114720e+02 4.302601012437810013e+00
1.006833491773307827e+02 2.827072406639006275e-01 2.847635477178425276e+02 1.204167529839129713e+01
8.348463052208825275e+01 2.827004045643154440e-01 2.844023132780084211e+02 3.394324450387597558e+00
5.713216165803111579e+01 2.827174170124482910e-01 2.843867012448134233e+02 4.561461775417303244e+00
4.010331925465841607e+01 2.827120643153527846e-01 2.843870020746889509e+02 1.528342547012985442e+00
1.558642451603496681e+01 2.827121265560167407e-01 2.833396512820513635e+02 2.936296485219159091e+00
5.546798342465756093e+00 2.827107365145229423e-01 2.752185402786187751e+02 2.774423746913576849e+00
2.978067129629630472e+01 2.827109854771785447e-01 2.613209547738695733e+02 2.806436799792527914e+00
3.352694214876033385e+01 2.827016908713694820e-01 2.761525290322579167e+02 2.820378211340202945e+00
4.578919294605807266e+01 2.826999688796682508e-01 2.856763991769548738e+02 2.705605510552759441e+00
4.582114004149376285e+01 2.825818107833164561e-01 2.868532053941910362e+02 3.239680942290353638e+00
5.479090273556231239e+01 2.833537782139353145e-01 2.869117634854773655e+02 2.099052447819312661e+00
8.470750127442644839e+01 2.814261759259260587e-01 2.875497142857144581e+02 2.677037405328254405e+00
1.356047398703402393e+02 2.902627398989900964e-01 2.951059467849225371e+02 7.371655631318688506e+00
9.675848664440732705e+01 2.713779840319363035e-01 2.861930278063850324e+02 3.201177770312498616e+00
5.490514473140502361e+01 2.879213391442156933e-01 2.846439004149377752e+02 1.660913665623044766e+00
4.720921587136922426e+01 2.502660928534166662e-01 2.833555578300922093e+02 2.829879901185769597e+00
3.499955300829874005e+01 1.992188982645964890e-01 2.762190664036821204e+02 2.548554145211122446e+00
5.585971540654693257e+00 2.672617034818419168e-01 2.639338579526510102e+02 2.588448371134020487e+00
2.609962922143581210e+01 2.910259822039699129e-01 2.753934443817051942e+02 2.452399379684418346e+00
4.059228186528497417e+01 2.773637746891002842e-01 2.843057632093933762e+02 3.158343841876628311e+00
4.720851037344399970e+01 2.840580583409301196e-01 2.852045954356847233e+02 1.316331328905419040e+00
4.727575829875521407e+01 2.450983961388528698e-01 2.852220331950209697e+02 2.210222275021757277e+00
5.376963739669422893e+01 2.800201300813009442e-01 2.852221680497926855e+02 5.143254364759427766e+00
8.212009249563695334e+01 2.833388898916969212e-01 2.856025540679714254e+02 1.577574682447398047e+01
1.322094729241875939e+02 2.985424915682965419e-01 2.952065049999995949e+02 6.496792737499994530e+00
9.725986274509797624e+01 2.750101644336178097e-01 2.868192307692306713e+02 2.608072091677502868e+00
5.591455214723929856e+01 2.848655605786619693e-01 2.863562332301343076e+02 1.216691424754418716e+00
4.780693278179944627e+01 2.825316189536028477e-01 2.850984493041751193e+02 5.176891254851224922e+00
1.707562980654476092e+01 2.831234974358973200e-01 2.760105666063893750e+02 2.595760601813684509e+00
5.661055475559473749e+00 2.830199896265557791e-01 2.640044065325170664e+02 3.232986966733871537e+00
2.860910237113404619e+01 2.830168464730289934e-01 2.771526328310860663e+02 3.105925466873707297e+00
3.355619585921326120e+01 2.830241804979251596e-01 2.860178644763856255e+02 3.132666069502074713e+00
4.745231122448986838e+01 2.830261825726139713e-01 2.866499688796675400e+02 3.127438891078838434e+00
5.468739778449143785e+01 2.830251452282155911e-01 2.865716182572608659e+02 3.129988372406639296e+00
8.585831457800513533e+01 2.830265663900413120e-01 2.872482400813830168e+02 3.129433496887966903e+00
1.366742183277027323e+02 2.830253319502074039e-01 2.951799468599039642e+02 3.128348642116182798e+00
9.696412852112676717e+01 2.830378319502073192e-01 2.859042169907878588e+02 3.128096774896266030e+00
7.513897386934679901e+01 2.830378838174272271e-01 2.838084232365143293e+02 3.129341588174274769e+00
5.140321406411579375e+01 2.830253526970953337e-01 2.838099170124480111e+02 3.129605488589211948e+00
4.611749070247939386e+01 2.830241390041491889e-01 2.837964522821575883e+02 3.133319077800829966e+00
1.448585974409449761e+01 2.830237344398338628e-01 2.827497595190379798e+02 3.133744907676348834e+00
5.161764831285584165e+00 2.830254875518670166e-01 2.759428637261354424e+02 3.128631422199170675e+00
2.910241521298172529e+01 2.830252489626555734e-01 2.633790091001010296e+02 3.110839165979380816e+00
3.844110995850620327e+01 2.830252282157675325e-01 2.758801596071210156e+02 3.197896077239959389e+00
4.311102593360992330e+01 2.830251763485476246e-01 2.836034008097166179e+02 2.451885338825216198e+00
4.311322199170120939e+01 2.830255705394189580e-01 2.851885269709545128e+02 4.126638979903535009e+00
4.956341036269430589e+01 2.830271576763483399e-01 2.852322199170126851e+02 1.576011308035713432e+00
8.362220645161293930e+01 2.830285165975102712e-01 2.862022028688526234e+02 7.211596240867589103e+00
1.304509502935420073e+02 2.830266182572612754e-01 2.949974202626646615e+02 1.919098859171598193e+01
9.359675538971812614e+01 2.830256327800828031e-01 2.859514256198349926e+02 3.690149157453936901e+00
4.995319338159264078e+01 2.830298858921160288e-01 2.850967427385895121e+02 6.367734708604953831e+00
4.231818453608249087e+01 2.830256224066388104e-01 2.851024688796684359e+02 2.412497594905503639e+00
1.639746385889571556e+01 2.830248962655599887e-01 2.841515487179489128e+02 1.274001373066423692e+00
5.273044152875586477e+00 2.830246887966803016e-01 2.768777075588598109e+02 3.504938964696225234e+00
2.986524035087719042e+01 2.830247406639002650e-01 2.627979209107248835e+02 2.557346638530288097e+00
3.183548537344399421e+01 2.830246576763483790e-01 2.758288332140302828e+02 2.649159879591838074e+00
3.236241975180973895e+01 2.830246161825725193e-01 2.847930142566194149e+02 2.833409374374376899e+00
5.273633198380568388e+01 2.830246991701242942e-01 2.855760310880830275e+02 1.527505139872316953e+00
7.151573741994512545e+01 2.830280290456430037e-01 2.870405010224949933e+02 2.261401419144982050e+00
1.157199948674082322e+02 2.830313070539417497e-01 2.964597903657452207e+02 3.888532287249281350e+00
1.367665551267917579e+02 2.830283506224065548e-01 2.883256517509728383e+02 1.086921064589990493e+01
9.802540084388196817e+01 2.830306327800827804e-01 2.839869294605810524e+02 4.644729017045452935e+00
5.692656102564103549e+01 2.830267531120330138e-01 2.839298755186724748e+02 1.741350760456275681e+00
5.109034809474768224e+01 2.830257987551865195e-01 2.838945020746890009e+02 2.377291059595962430e+00
1.681498128397566205e+01 2.830252385892114697e-01 2.831618877551022706e+02 2.281203066735113971e+00
5.487236889742826307e+00 2.830252904564313221e-01 2.775041925218774850e+02 2.165896462301587722e+00
2.780870892116178794e+01 2.830251348547716539e-01 2.651241698215254132e+02 2.864795393073592766e+00
3.223072790456430425e+01 2.830251037344397314e-01 2.776467111459966191e+02 1.271572330018644781e+00
4.434278630705399138e+01 2.830250414937758308e-01 2.849870000000000232e+02 2.011889299492386485e+00
4.447427385892120100e+01 2.830253215767633002e-01 2.854111203319503147e+02 1.774570726919337149e+00
5.659394082840245233e+01 2.830264315352695736e-01 2.853766597510375504e+02 3.369303490210297625e+00
8.855643842364528950e+01 2.830341493775932471e-01 2.866861953204477231e+02 9.334474113772468939e+00
1.329018886107635069e+02 2.830387033195019830e-01 2.961013652968033512e+02 4.199876324175817643e+01
9.154090245971161721e+01 2.830389315352696000e-01 2.856247167868178849e+02 9.988559133841132365e+00
5.656281743589736521e+01 2.830298132780081355e-01 2.845178423236517915e+02 2.169460285142571276e+00
3.435928888544896864e+01 2.830260788381740999e-01 2.845000311203323236e+02 4.467755260869568090e+00
1.365092382088121425e+01 2.830256742738587183e-01 2.838006666666670981e+02 2.817709273133372605e+00
5.197194443387538776e+00 2.830252178423234288e-01 2.772403872282609427e+02 6.314195226846442743e+00
2.714755884773661521e+01 2.830250726141078088e-01 2.649021151776100851e+02 9.740551915810410355e-01
2.943842331606214913e+01 2.830249896265559229e-01 2.785574412955465391e+02 2.764508730205278653e+00
4.273629875518670929e+01 2.830249585062239448e-01 2.855546943005181788e+02 3.197232190346082525e+00
4.362200829875518338e+01 2.830252385892114142e-01 2.858359232365145886e+02 1.880228783901379153e+00
5.821919184890657561e+01 2.830260165975101438e-01 2.857728319502075465e+02 2.821452381672596932e+00
8.686285775492710570e+01 2.830305497925310054e-01 2.875918356997972865e+02 7.371690540123461588e+00
1.334326634854772635e+02 2.830335788381742046e-01 2.966020936863541806e+02 1.775873713239780827e+01
9.887513227953401440e+01 2.830270331950205387e-01 2.869830698151951083e+02 5.738901708548478808e+00
6.014209674234943037e+01 2.830318983402488886e-01 2.851476269430052071e+02 1.679912908578584441e+00
3.692319825282628898e+01 2.830264004149375956e-01 2.837923076923076451e+02 2.971098268268271614e+00
1.339136149715370472e+01 2.830256431535267958e-01 2.764339447731756536e+02 2.747143006103767604e+00
5.079925054968286169e+00 2.830254668049790867e-01 2.629311857825566108e+02 2.796790795665637930e+00
2.933464467213110893e+01 2.830252800829874404e-01 2.775673815261044410e+02 2.755366371833842809e+00
3.120043498964800222e+01 2.830251659751035764e-01 2.848196439471009853e+02 3.127649335221913240e+00
4.103045134575566522e+01 2.830251348547716539e-01 2.853441493775934532e+02 1.416545039960534824e+00
4.866842371134020340e+01 2.830255809128628952e-01 2.853574792531121034e+02 2.542538323727189020e+00
7.254889757412396989e+01 2.830274170124479904e-01 2.876866187050359827e+02 4.151614657992563018e+00
1.177139427312777258e+02 2.830275726141077697e-01 2.963217932862194743e+02 2.778903720875689043e+00
1.355448391647854578e+02 2.830367427385890311e-01 2.868471267893662002e+02 1.067045516188412790e+01
9.961399099836336291e+01 2.830371991701243206e-01 2.838160684647301650e+02 2.748007333468889701e+00
5.389935444330950531e+01 2.830342116182571477e-01 2.838148029045642033e+02 6.429157856060612630e+00
4.217840847983459440e+01 2.830270643153524612e-01 2.837843257261409349e+02 3.910847303113551554e+00
1.400373379219512415e+01 2.830257157676346891e-01 2.826474062816619153e+02 4.433903698770490287e+00
5.436890813227188701e+00 2.830254045643151861e-01 2.755215695364241242e+02 4.324539886363636398e+00
2.849619115308147954e+01 2.830252800829874404e-01 2.635613163001297039e+02 4.466335201238390340e+00
3.444073900414934997e+01 2.830251763485476246e-01 2.761572316865417065e+02 4.081411586956519955e+00
4.043791597510363545e+01 2.830251452282157021e-01 2.827613655030796735e+02 5.249413199665827534e+00
5.370958400809708877e+01 2.830253319502073484e-01 2.834531584362136982e+02 1.812847890937018924e+00
8.049997546531314185e+01 2.830253630705392154e-01 2.887631165311654513e+02 3.623585721627407441e+00
1.353407899791232296e+02 2.830334336099583625e-01 2.969643142476699609e+02 7.801400903914584184e+00
1.004932186468646336e+02 2.830386514522820196e-01 2.876529556185079741e+02 5.182669293887141926e+00
6.369983265720074428e+01 2.830396369294604919e-01 2.842799066390037410e+02 3.844548577225921360e+00
5.316825284974093080e+01 2.830323236514521446e-01 2.842472406639000155e+02 1.280689820103092202e+01
5.001307962771458904e+01 2.830271369294603545e-01 2.842063381742735260e+02 3.192633597445865945e+00
2.156540421233568949e+01 2.830258298755184976e-01 2.837221298174439994e+02 5.970205997860202451e+00
5.010526161811362122e+00 2.830254668049790867e-01 2.771490230664855403e+02 2.537897748743718651e+00
2.994034201005023732e+01 2.830253630705393264e-01 2.637153086806642364e+02 3.038086257761054565e+00
4.748076867219911179e+01 2.830252904564314331e-01 2.766674279033510970e+02 1.536538189162561352e+00
4.786801244813272405e+01 2.830253838174273118e-01 2.819412000000000376e+02 4.552696917837081969e+00
5.177030569948183114e+01 2.830257157676346891e-01 2.845011065149950014e+02 2.013270411226357748e+00
7.947436606373818790e+01 2.830272925311201893e-01 2.883595736040609836e+02 3.011812655616946000e+00
1.349987606007067598e+02 2.830324377593360086e-01 2.958631106194688414e+02 7.520440330503675774e+00
1.049953882352941150e+02 2.830264937759334742e-01 2.863607772020724269e+02 2.405698154362416119e+01
8.916790107737506332e+01 2.830332572614105979e-01 2.850846473029047843e+02 7.842036773718660925e+00
4.876368775510209730e+01 2.830207468879666899e-01 2.837997614107885624e+02 2.603202920529800402e+00
3.308473756345173200e+01 2.830236721991699067e-01 2.837982468879669682e+02 1.560008662260409462e+00
1.318318358485139363e+01 2.830247925311201174e-01 2.827843890020366757e+02 3.654381477016474644e+00
5.426453258626258602e+00 2.830256327800828031e-01 2.762540846097737699e+02 2.587112858789625935e+00
2.824663213920161553e+01 2.830254564315351495e-01 2.626750637910085970e+02 2.842608925619835247e+00
3.146115114107882604e+01 2.830254045643151861e-01 2.756055712451860131e+02 2.683101956300813384e+00
4.441691845056063670e+01 2.830253941908712489e-01 2.839519897959183368e+02 4.077112865766474137e+00
6.993555544041451810e+01 2.830255394190869245e-01 2.858901552795028351e+02 1.095274434745030501e+00
7.217771501532185141e+01 2.830265975103732901e-01 2.873730448065169867e+02 2.442702066613157363e+00
8.958550465549356545e+01 2.830324585062239939e-01 2.967026776395028946e+02 6.024962396787631569e+00
1.315358003391269222e+02 2.830313692946057058e-01 2.859669857433806328e+02 1.426099434233199048e+01
9.521233414634136238e+01 2.830167219917010812e-01 2.843675414937761161e+02 4.213236965284480107e+00
5.880905635245900243e+01 2.830331535269708376e-01 2.843342219917013836e+02 8.166984132911384364e+00
5.109857274590162746e+01 2.830270435684645869e-01 2.827698726738497044e+02 2.915753348222423824e+00
1.699341306170419941e+01 2.830257468879666116e-01 2.760803042876904669e+02 2.136245095808384065e+00
5.471290400972057988e+00 2.830250829875516905e-01 2.636581519310568069e+02 2.768660850187262490e+00
2.975557716049380730e+01 2.830252282157674770e-01 2.769593216630196935e+02 1.140102986824768294e+00
3.827186839378236982e+01 2.830252178423235399e-01 2.829138638638639236e+02 4.596243142667557180e+00
4.374058195020747064e+01 2.830251556016596393e-01 2.859999585062242318e+02 2.687843769589551624e+00
4.484397717842325903e+01 2.830254149377591788e-01 2.860093153526972856e+02 1.830246381586917881e+00
5.128961943319843186e+01 2.830272302904562887e-01 2.860021265560167194e+02 2.611487635940410001e+00
8.368630138099092619e+01 2.830359024896264564e-01 2.873323775510202722e+02 6.136573730423608986e+00
1.284289085020243135e+02 2.830393672199168487e-01 2.966536990212076148e+02 1.613283703703702088e+01
9.334102682313491073e+01 2.830396784232364071e-01 2.862176264189882886e+02 5.982548887676504279e+00
5.847984449021620890e+01 2.830279356846471805e-01 2.853120725388598657e+02 8.983525264684550038e+00
4.945995954356840940e+01 2.830251659751035764e-01 2.838689526686806062e+02 3.215127164007655303e+00
3.826378118609407153e+01 2.830239315352695573e-01 2.762485316946961689e+02 1.216071040734824971e+00
5.306786529916760031e+00 2.830235995850620689e-01 2.640037261435929281e+02 3.445550289629629948e+00
2.850817295081966307e+01 2.830232987551866142e-01 2.774071288620950213e+02 7.322716239305636421e+00
3.206905010373444043e+01 2.830231535269708276e-01 2.850185015290518891e+02 2.166829842761693659e+00
3.215571711618256501e+01 2.830231016597509197e-01 2.855318360995847797e+02 4.942759006688965506e+00
3.465930626927028868e+01 2.830230082987550411e-01 2.855417427385889368e+02 4.042250146188341553e+00
6.059424548049477011e+01 2.830242946058089681e-01 2.855756016597508165e+02 2.702926001874998541e+00
8.757963045337913854e+01 2.830295643153525886e-01 2.871745500505562632e+02 1.398659253793826096e+01
1.290346091269844919e+02 2.830360373443983057e-01 2.990644300775813349e+02 3.950206547475961116e+00
8.769044112478027841e+01 2.830346991701243597e-01 2.884837679671460364e+02 6.544785677440198235e+00
5.217651179487184976e+01 2.830213070539417952e-01 2.872665145228218080e+02 1.718981863213810746e+00
4.523537380952388531e+01 2.830226556016595674e-01 2.860509128630704367e+02 3.337651309970382840e+00
1.487486317769377564e+01 2.830225726141077369e-01 2.829596996124029715e+02 2.917121259674133604e+00
5.449982176957159474e+00 2.830235892116180763e-01 2.766730114787307002e+02 3.020987001037344299e+00
3.019855836776858027e+01 2.830232261410787764e-01 2.643385232452143896e+02 3.008440171161825827e+00
3.537429460580912632e+01 2.830231120331948569e-01 2.782188991477271429e+02 2.767854390549661758e+00
3.550886721991700767e+01 2.830229875518671112e-01 2.857648413510748355e+02 3.857632967015285352e+00
4.160601919191918086e+01 2.830231120331948014e-01 2.864220518134717395e+02 1.383507021601016129e+00
6.950938952380947455e+01 2.830315248962653740e-01 2.872703092783505099e+02 2.999085874120406281e+00
9.450607091561936102e+01 2.830121161825724374e-01 2.975538534278959446e+02 7.593515555884096102e+00
1.341426878512751841e+02 2.830056535269707685e-01 2.880522200000002613e+02 1.899344411626540818e+01
9.341374789915975896e+01 2.830315248962654295e-01 2.856770331950208401e+02 7.231314663739027537e+00
5.573785066941301380e+01 2.830454460580911769e-01 2.855480809128631563e+02 3.190508981604117000e+00
4.636693588417788447e+01 2.830310995850620626e-01 2.855027074688796915e+02 1.576532578193393874e+00
1.663425629801981032e+01 2.830200726141077205e-01 2.838049199999998109e+02 4.807499446009391164e+00
4.645903759317743464e+00 2.830140975103733192e-01 2.764304935897438895e+02 4.049309557788951963e+00
2.399656395233366979e+01 2.829930673575127842e-01 2.632431691792293122e+02 4.236321084710750640e+00
4.302073471502593804e+01 2.833764060913704363e-01 2.759997121861605933e+02 4.218075900518141630e+00
4.355394398340250461e+01 2.808673652694611000e-01 2.846626352015736074e+02 4.262941493305878460e+00
4.393264419087137185e+01 2.899560668563301302e-01 2.864729045643152290e+02 3.940034580078131565e+00
5.720286836935169816e+01 2.836050814956854738e-01 2.864882157676346992e+02 5.752054347181003280e+00
9.216310813076262320e+01 2.661978832116790317e-01 2.877573721881390156e+02 3.056300713480267106e+00
1.288452250521920632e+02 3.046982992989946681e-01 2.973646451104098105e+02 1.068933983315952929e+01
9.371942391304339992e+01 2.805073452970296422e-01 2.875158273381297818e+02 3.676144911721067832e+00
5.195594358974364724e+01 3.582315849792734319e-01 2.851997302904566141e+02 5.402994544844920810e+00
4.360775798146247695e+01 2.944921005475357734e-01 2.847450311203320439e+02 4.133599336924584478e+00
1.764666396092182410e+01 2.800509982174684831e-01 2.834123882113824493e+02 4.435633803278689946e+00
5.231694673965208153e+00 2.839880407124680817e-01 2.777684724186703420e+02 4.294304457661292318e+00
2.872884933196302981e+01 2.729441312741312520e-01 2.653309450867054693e+02 5.159905986123153987e+00
3.398939730290457817e+01 2.855494459582196831e-01 2.782716424116425742e+02 2.202326019125683487e+00
3.859906016597511069e+01 2.830855544252289246e-01 2.865516888433979830e+02 3.585650068627449283e+00
4.509206032719841062e+01 2.835204136504654859e-01 2.870402385892113557e+02 4.009747899814471772e+00
7.293792445703491012e+01 2.833678386763185952e-01 2.871482365145224662e+02 1.791040739961758943e+00
9.326225226039781546e+01 2.818547109826590180e-01 2.881383316274306594e+02 7.971964773496784673e+00
1.356980924731182938e+02 2.826911326530612834e-01 2.971962012728716900e+02 2.399336485355648563e+01
9.703146054750395422e+01 3.144421181262726517e-01 2.873167772020725010e+02 9.466359023329802724e+00
5.651526741803275655e+01 2.826308159203981818e-01 2.864525622406638945e+02 3.475259910349851822e+00
5.207072199170120541e+01 2.821421629778672613e-01 2.864258195020746598e+02 4.969157955307258234e+00
1.753121122665369569e+01 2.798710858143609870e-01 2.831580454096745711e+02 2.188638907662083799e+00
5.556330585855650206e+00 2.840129206049151755e-01 2.756487385844745859e+02 8.155461031622595058e+00
2.823506762886596988e+01 2.827642531120335700e-01 2.658263784822288471e+02 1.750838522401045205e+00
3.038299112487098697e+01 2.827817323651455883e-01 2.785287793783168695e+02 4.115926459791866776e+00
4.594930559006210302e+01 2.827995643153530803e-01 2.847135151515156508e+02 4.604592995348838258e+00
4.622642759336099516e+01 2.828057987551870212e-01 2.853714626556019880e+02 4.100605264357339408e+00
5.460840926640928927e+01 2.827681968911920363e-01 2.855020746887969949e+02 2.296338859002169386e+00
9.586342397425573836e+01 2.813221727019499796e-01 2.899071841155234779e+02 6.724497405228760272e+00
1.342782007891277658e+02 2.859465880370685720e-01 3.055977467885663827e+02 1.455395545811966684e+01
9.614131433224754630e+01 2.571179040404039662e-01 2.885791238670695407e+02 5.823627773573919697e+00
5.647180225409831422e+01 2.790605588822357430e-01 2.865270228215766792e+02 2.271699442666668567e+00
4.697745781893003425e+01 2.923796120218579708e-01 2.865674792531119692e+02 3.663669391038699263e+00
1.490929642026265967e+01 2.323358694741252117e-01 2.861076835573940116e+02 3.485976135523618069e+00
5.353050954545456541e+00 1.313091909157509118e-01 2.792764742268041118e+02 3.289565191889221030e+00
2.827605020283971271e+01 2.119096154469564397e-01 2.672942423442448785e+02 4.363608251864123488e+00
4.265908186528494639e+01 3.063238027360988269e-01 2.799381887950881378e+02 1.351168342298287417e+00
4.462586217616579631e+01 2.707769056758979609e-01 2.865715113871634117e+02 3.342576879146920810e+00
5.615256015399425848e+01 2.509038305489262877e-01 2.869417219917012289e+02 8.893222488864143571e+00
9.736208129092615593e+01 2.860343455953532898e-01 2.869494502074687716e+02 3.457289880484747613e+00
1.112361639720559197e+02 1.671360314141168701e-01 2.882642899702087220e+02 7.036139157078221906e+00
1.368777549418603883e+02 3.448763109127755411e-01 3.015208757848405980e+02 1.613836541078304521e+01
9.839104090909091838e+01 4.015172562023935354e-01 2.919626327944570221e+02 5.623154506816107734e+00
