1.469527652477765969e+02 4.146562586538457551e-01 2.971221913011425499e+02 1.829383151614969805e+01
1.756811713504103523e+02 2.858499121252977004e-01 3.021233928811282112e+02 3.460296474748292894e+01
1.332122630913228818e+02 3.441622664171790080e-01 2.981352391629296790e+02 1.151269995543034597e+01
1.516127675753226356e+02 2.281219460015040390e-01 3.001077806984602603e+02 5.666998629745923921e+01
1.828347284443082401e+02 3.088151308092292324e-01 3.034548266935138940e+02 2.923419267852673897e+01
1.633342930953496364e+02 3.470363744658807037e-01 3.006750009580379697e+02 6.176037432416022099e+00
1.669486997635929413e+02 3.838250560436229364e-01 2.991577683615822139e+02 2.157459659003357899e+01
1.549949679029955405e+02 4.227904028583257534e-01 2.984037183098587320e+02 9.907847346790367382e+00
1.744140447615957612e+02 3.745874709835064209e-01 2.985358324715614344e+02 3.750392379919418318e+01
1.430908147851616548e+02 3.979645023935498016e-01 2.985396233230131315e+02 2.422745313771110887e+01
1.174345421914355683e+02 3.815403845217807954e-01 2.985342192347463879e+02 3.076524314502528412e+01
1.363702885952708641e+02 3.580394461712343435e-01 2.985377909984478038e+02 5.437080428730511983e+01
1.553496012994682474e+02 3.834339191839936101e-01 2.985385049146402139e+02 1.901917081573498791e+01
1.724377362637358431e+02 4.060847660311960317e-01 2.986502417061607275e+02 3.019123648922973047e+01
1.688514740626602020e+02 4.448045555493405079e-01 2.978648884826324093e+02 1.273939902987421746e+01
1.692814675592170204e+02 4.017744937534963312e-01 2.937787429389170484e+02 6.388605986404047421e+00
1.682502388059699285e+02 3.713629949142963627e-01 2.980310420775804232e+02 3.176071343885233489e+01
1.694112976721146140e+02 3.374481576487699530e-01 2.997952833908331627e+02 7.444917081815184190e+01
1.859067254845241450e+02 3.623135790937996314e-01 3.029721169208431206e+02 3.378137494545870823e+01
1.632400404507369274e+02 3.843010400641029278e-01 3.001815974788086123e+02 7.212345859497092171e+00
1.500430094975492921e+02 4.149438409358346957e-01 2.988314697162213065e+02 2.663123793052475818e+01
1.340157371819217076e+02 3.844814682696096053e-01 2.985540522540976554e+02 2.178924589329135131e+01
1.144965087129317141e+02 3.721569727304108732e-01 2.985874599068795874e+02 1.929172128188919899e+01
1.409107213850593894e+02 3.672389925373130692e-01 2.986088360062071274e+02 5.341543117408903640e+01
1.610080234104816554e+02 3.496037365213315318e-01 2.986131867563364608e+02 2.883966747224349447e+01
1.864584965886938335e+02 3.729736998945146209e-01 2.986394865277064810e+02 1.192551828575822981e+01
1.692160208267588928e+02 3.984476705020924547e-01 2.983847353629973327e+02 3.902792076161204271e+00
1.472890361445782617e+02 3.713605741626790357e-01 2.960941897968681360e+02 1.856325586792454629e+01
1.410978735856420485e+02 3.760611756521732851e-01 2.982969659442721877e+02 4.630406476285909889e+01
1.496088396726051428e+02 3.647586646222470419e-01 2.985938406900047539e+02 3.283446649792902861e+01
1.478605575447573415e+02 3.815748624056813365e-01 2.986728741658720878e+02 5.598124798761617171e+01
1.471467549019612306e+02 3.620688420087133652e-01 2.999060784830131183e+02 1.903258861955555759e+01
1.554024983922831495e+02 4.213595940091601211e-01 2.986769375619422817e+02 2.120485058801342859e+01
1.354151255355614296e+02 3.878042398672019719e-01 2.986217139907072351e+02 6.056449439632554110e+00
1.143510258064517018e+02 3.625115563699063403e-01 2.986370305225039488e+02 1.877198097801707632e+01
1.345245888605442417e+02 3.386831154845893477e-01 2.986423900672530181e+02 1.597833051955866956e+01
1.529245753254803617e+02 3.074102475521890976e-01 2.986511536471805925e+02 1.655005012919896856e+01
1.710554595336080865e+02 3.500705483549355068e-01 2.987179353233829602e+02 1.646017108122089923e+01
1.685631848438305838e+02 3.333173494775256707e-01 2.984687983034870058e+02 1.646855871702017637e+01
1.692456628982533857e+02 3.707693798033960819e-01 2.959837719594597161e+02 1.647318572167615258e+01
1.678356898238752422e+02 3.525170958083832518e-01 2.981823666534963309e+02 1.646558168649767495e+01
1.677069862315147475e+02 3.437199886909814150e-01 2.989920081360950803e+02 1.646913760993274778e+01
1.883509906291835136e+02 3.180132299133407447e-01 3.002532420318727873e+02 1.646560072426280641e+01
1.664841107382549978e+02 3.608140887517795603e-01 3.038030882352944104e+02 1.646865483704086941e+01
1.519962355384157604e+02 3.486285448736570203e-01 3.008423950233282653e+02 1.646981427832384881e+01
1.360051025736666190e+02 3.317673587972368443e-01 2.995418891939110608e+02 1.644693760993274978e+01
1.148917440047962231e+02 2.892761859485317166e-01 2.985657775768537476e+02 1.677391764705882338e+01
1.419537479215163103e+02 3.213477641077785996e-01 2.987772667829120223e+02 1.431060420821236256e+01
1.609455508324477080e+02 3.488154968629832986e-01 2.985814614614617994e+02 2.797328939851687224e+01
1.860768926994024923e+02 3.823363557858373007e-01 2.982468962787016835e+02 1.601519505406769284e+01
1.677274155251140542e+02 3.563949400760006991e-01 2.969885125801680488e+02 1.543634520220412654e+01
1.556905788876277370e+02 3.338597106836914685e-01 2.899726105179128695e+02 1.729351020501688652e+01
1.656248724489795450e+02 3.626068490514154363e-01 2.972419450576412032e+02 6.714661343949038574e+00
1.644206445012785025e+02 3.503596614173231649e-01 2.986063085937498727e+02 3.151173982572325727e+01
1.702154065934066693e+02 3.555990241591667211e-01 2.998221325559994739e+02 6.784916694886545940e+01
1.624076954732508113e+02 3.535909156010237919e-01 3.031346487686721503e+02 3.109294169623161253e+01
1.404901951291078319e+02 3.538650827300940382e-01 3.002089618456075186e+02 6.121117215018095692e+00
1.137696876558604657e+02 3.538342192347475601e-01 2.990743182743187276e+02 1.909162410451309455e+01
1.323502487562192300e+02 3.538300310398352910e-01 2.986887684003924619e+02 3.379983714169377862e+01
1.501200462809918008e+02 3.538308535954484135e-01 2.987424212700055364e+02 5.473024005763682709e+01
1.675731857555341549e+02 3.538312984997421529e-01 2.987642985971945109e+02 2.578972427275081358e+01
1.887592135158755298e+02 3.538325866528720387e-01 2.987466752180607727e+02 5.334814121781333185e+00
1.708064066193853137e+02 3.538331764097267240e-01 2.981968545379195348e+02 1.304933188535849631e+01
1.420958526247148370e+02 3.538331764097267240e-01 2.952352599422346202e+02 1.815876725417930970e+01
1.569243604879969780e+02 3.538331764097267240e-01 2.980090293453721983e+02 8.038834220010619092e+00
1.478887659357469317e+02 3.538331764097267240e-01 2.994096155010596476e+02 2.760428194331181828e+01
1.483039937920329692e+02 3.538331764097267240e-01 3.026208446816341961e+02 5.215685655983978108e+01
1.480180205655524901e+02 3.538331764097267240e-01 2.997688437321122592e+02 2.593098810767327222e+01
1.507094926505452577e+02 3.538331764097267240e-01 2.985436926829269737e+02 5.304100490253416567e+00
1.334267814049588026e+02 3.538331764097267240e-01 2.984514183673466619e+02 1.656522410129634792e+01
1.150595144724556604e+02 3.538331764097267240e-01 2.984811588204862574e+02 3.788355783221064144e+01
1.417148471902728204e+02 3.538331764097267240e-01 2.984817011375387779e+02 2.720089229446646684e+01
1.635980265186555300e+02 3.538331764097267240e-01 2.984905564142193839e+02 7.136016458852864730e+01
1.878410471976403073e+02 3.538331764097267240e-01 2.984889089968976350e+02 3.365213878820448912e+01
1.689506725794529700e+02 3.538331764097267240e-01 2.980316124090388712e+02 1.490262539605914327e+01
1.481367319277108265e+02 3.538331764097267240e-01 2.957438416097473919e+02 3.559845937883125533e+00
1.560722664015905821e+02 3.538331764097267240e-01 2.982086484174509451e+02 1.085627063106088208e+01
1.546864396284830150e+02 3.538331764097267240e-01 2.984410243145368327e+02 2.436351044698029256e+01
1.548313171487605189e+02 3.538331764097267240e-01 2.984509152016545954e+02 5.329436475869800915e+01
1.538955244399186881e+02 3.538331764097267240e-01 2.984928564405110478e+02 2.485906863870732408e+01
1.616969219440354379e+02 3.538331764097267240e-01 2.984565235385413757e+02 3.174724639769454271e+01
1.384397023937122242e+02 3.538331764097267240e-01 2.984524586776861383e+02 2.963413827603902106e+01
1.154137232645402236e+02 3.538331764097267240e-01 2.983894149727315153e+02 3.037930087134806101e+01
1.364488968253967585e+02 3.538331764097267240e-01 2.999846420824299571e+02 2.792328770296085594e+01
1.508891146684089506e+02 3.538331764097267240e-01 3.035463905540418637e+02 4.060921833282066729e+01
1.707717310195226048e+02 3.538331764097267240e-01 3.005082962245877525e+02 1.611908872791027747e+01
1.668788298415943530e+02 3.538331764097267240e-01 2.988860511756564051e+02 3.838121378407074680e+00
1.675992022645394286e+02 3.538331764097267240e-01 2.965255255319141270e+02 1.852125286166012330e+01
1.642827120181405292e+02 3.538331764097267240e-01 2.986651576846311400e+02 1.120032257958769506e+01
1.707861126373627201e+02 3.538331764097267240e-01 2.994431403707910704e+02 3.273566438943983314e+01
1.875329886992063564e+02 3.538331764097267240e-01 3.008007214895272909e+02 6.094063938275738934e+01
1.609402090119434661e+02 3.538331764097267240e-01 3.038889612997448353e+02 3.617957582879382983e+01
1.428215849414742706e+02 3.538331764097267240e-01 3.005195595301656226e+02 1.707728262055044866e+01
1.156999734356550960e+02 3.538331764097267240e-01 2.992535134037372586e+02 5.219981403364711170e+00
1.383376005799202062e+02 3.538331764097267240e-01 2.989539555325749802e+02 1.793736959908465067e+01
1.560704786714425438e+02 3.538331764097267240e-01 2.989525869120654988e+02 1.597803492464357866e+01
1.701834316991902938e+02 3.538331764097267240e-01 2.989773526370217382e+02 1.660256373974683086e+01
1.678832938754500788e+02 3.538331764097267240e-01 2.990034343434345487e+02 1.492398323809524641e+01
1.681439834454214122e+02 3.538331764097267240e-01 2.985987846481878023e+02 2.861175268130745408e+01
1.682565046535675890e+02 3.538331764097267240e-01 2.962068541804546271e+02 6.965961187334611893e+00
1.667576650246304553e+02 3.538331764097267240e-01 2.984647418586178560e+02 2.580343235960457093e+01
1.694581429990066681e+02 3.538331764097267240e-01 2.991773537604459534e+02 5.482484201541846858e+01
1.883563875069100675e+02 3.538331764097267240e-01 3.004040860534127546e+02 2.966782162276220092e+01
1.674492037786777416e+02 3.538331764097267240e-01 3.037607121212125207e+02 6.945216904551370085e+00
1.508190612791008220e+02 3.538331764097267240e-01 3.005606238336443425e+02 1.488363363822526786e+01
1.348040240963855467e+02 3.538331764097267240e-01 2.990603263659698428e+02 1.368982290184997730e+01
1.172074140179297785e+02 3.538331764097267240e-01 2.983890004997497840e+02 1.393548309428132548e+01
1.521268999247554063e+02 3.538331764097267240e-01 2.984448525607860461e+02 1.280246723058135849e+01
1.854129328875090437e+02 3.538331764097267240e-01 2.984461351909180848e+02 2.113799097573712160e+01
1.701136174565291128e+02 3.538331764097267240e-01 2.984684623115575164e+02 4.486470014512167204e+00
1.520863559870553843e+02 3.538331764097267240e-01 2.980461371712859773e+02 1.268870573330240603e+01
1.445622102839600132e+02 3.538331764097267240e-01 2.958221467098167636e+02 1.186221379086540040e+01
1.539100396628658984e+02 3.538331764097267240e-01 2.981803259557344745e+02 3.274422541015125177e+01
1.524890094574416821e+02 3.538331764097267240e-01 2.985106156233837282e+02 7.320272672694387950e+01
1.590485355987057403e+02 3.538331764097267240e-01 2.985152780638519516e+02 3.444083161244690672e+01
1.521049072753213522e+02 3.538331764097267240e-01 2.985044593895502771e+02 1.651671253271605977e+01
1.330245873015872746e+02 3.538331764097267240e-01 2.985040248318679232e+02 6.577250485199868102e+00
1.127408891485810472e+02 3.538331764097267240e-01 2.985045111226077665e+02 4.446603482972136590e+01
1.350054770358936480e+02 3.538331764097267240e-01 2.985038851526128951e+02 2.678826802078039648e+01
1.521245942408375242e+02 3.538331764097267240e-01 2.985039213657531150e+02 2.301346813440065731e+01
1.679398184494599207e+02 3.538331764097267240e-01 2.985038489394727321e+02 3.532619773596946544e+01
1.666081789963785127e+02 3.538331764097267240e-01 2.985039575788932780e+02 1.447515787735850346e+01
1.666379979306775283e+02 3.538331764097267240e-01 2.985035695809626191e+02 4.287027824009099319e+00
1.665591257113293864e+02 3.538331764097267240e-01 2.985022245214695999e+02 1.732700907678885471e+01
1.683187283523004680e+02 3.538331764097267240e-01 2.984363837267704298e+02 4.075265856741578574e+01
1.626455674518198578e+02 3.538331764097267240e-01 2.985786715867155294e+02 3.058970407740158137e+01
1.883877280701751999e+02 3.538331764097267240e-01 2.999468272972160889e+02 5.641535353955985954e+01
1.729592443962400807e+02 3.538331764097267240e-01 3.032451588785050944e+02 2.296073465471207697e+01
1.508379772197774003e+02 3.538331764097267240e-01 3.001626118067971447e+02 5.602009054192091497e+00
1.319827836304702373e+02 3.538331764097267240e-01 2.990244345503115255e+02 2.745408522772937943e+01
1.140230374759766931e+02 3.538331764097267240e-01 2.988464649033572300e+02 2.196859821185852368e+01
1.415892968972390236e+02 3.538331764097267240e-01 2.988710784313725526e+02 6.306918895569629058e+01
1.627089215972017087e+02 3.538331764097267240e-01 2.988911178861788471e+02 3.729008748055553468e+01
1.876882699250210464e+02 3.538331764097267240e-01 2.988812093023255443e+02 1.834629382218181348e+01
1.725454147982063944e+02 3.538331764097267240e-01 2.982683934807916444e+02 6.693507781448309935e+00
1.550569873663750968e+02 3.538331764097267240e-01 2.960289658213892494e+02 2.531122988679245722e+01
1.483928073432342956e+02 3.538331764097267240e-01 2.983980604838712907e+02 1.950193195319958051e+01
1.587900561224491582e+02 3.538331764097267240e-01 2.989929601357081879e+02 2.112122629969417886e+01
1.590327671097981010e+02 3.538331764097267240e-01 2.998437760416674109e+02 2.085733140495866067e+01
1.578697534668723108e+02 3.538331764097267240e-01 3.025034214816161580e+02 2.089698293691828823e+01
1.569951614530779125e+02 3.538331764097267240e-01 2.996737033747783698e+02 2.089196637351265551e+01
1.360232641300333967e+02 3.538331764097267240e-01 2.987183863198457061e+02 2.089196637351265551e+01
1.144616133853151041e+02 3.538331764097267240e-01 2.986565504869299161e+02 2.089196637351265551e+01
1.347570826580227674e+02 3.538331764097267240e-01 2.986789394723231794e+02 2.089196637351265551e+01
1.510921672354946566e+02 3.538331764097267240e-01 2.986841076047596744e+02 2.089196637351265551e+01
1.680017192118226319e+02 3.538331764097267240e-01 2.986945860843067635e+02 2.089196637351265551e+01
1.668948762886599582e+02 3.538331764097267240e-01 2.981355355171152155e+02 2.089196637351265551e+01
1.672164057672503361e+02 3.538331764097267240e-01 2.961030684624012679e+02 2.089196637351265551e+01
1.651950547879942519e+02 3.538331764097267240e-01 2.986095364010988078e+02 2.089196637351265551e+01
1.702914707282244819e+02 3.538331764097267240e-01 3.001628873659120131e+02 2.089196637351265551e+01
1.888972935022028992e+02 3.538331764097267240e-01 3.034428221717087126e+02 2.089196637351265551e+01
1.704153026227303940e+02 3.538331764097267240e-01 3.005498669923999842e+02 2.089196637351265551e+01
1.443171169504070974e+02 3.538331764097267240e-01 2.992981280388985965e+02 2.089196637351265551e+01
1.514116099664589967e+02 3.538331764097267240e-01 2.990126530612246825e+02 2.089196637351265551e+01
1.491529318298309761e+02 3.538331764097267240e-01 2.990404432989691941e+02 2.089196637351265551e+01
1.493342058975685802e+02 3.538331764097267240e-01 2.990363003095975500e+02 2.089196637351265551e+01
1.493367822038282782e+02 3.538331764097267240e-01 2.990497639815290540e+02 2.089196637351265551e+01
1.493315933781686624e+02 3.538331764097267240e-01 2.990464666321780101e+02 2.089196637351265551e+01
1.493315933781686624e+02 3.538331764097267240e-01 2.986795892226145952e+02 2.089196637351265551e+01
1.493443869632695566e+02 3.538331764097267240e-01 2.963225946573751344e+02 2.089196637351265551e+01
1.493358044490429677e+02 3.538331764097267240e-01 2.982976661687829392e+02 2.089196637351265551e+01
1.493247180548370636e+02 3.538331764097267240e-01 2.989734396617987500e+02 2.089196637351265551e+01
1.493633040330920778e+02 3.538331764097267240e-01 3.003622797456864078e+02 2.089196637351265551e+01
1.481638152011922216e+02 3.538331764097267240e-01 3.037414493564633062e+02 2.089196637351265551e+01
1.553215888931738675e+02 3.538331764097267240e-01 3.007581583155648559e+02 2.089196637351265551e+01
1.368773267732674697e+02 3.538331764097267240e-01 2.993190410958902135e+02 2.089196637351265551e+01
1.166543471981512710e+02 3.538331764097267240e-01 2.986669437404967766e+02 2.089196637351265551e+01
1.425483891792189013e+02 3.538331764097267240e-01 2.986959866048432559e+02 2.089196637351265551e+01
1.645846226415090996e+02 3.538331764097267240e-01 2.987163732928682407e+02 2.089196637351265551e+01
1.880982923832925735e+02 3.538331764097267240e-01 2.986883359013870063e+02 2.089196637351265551e+01
1.686232892097869751e+02 3.538331764097267240e-01 2.980941943127960485e+02 2.089196637351265551e+01
1.541698624379061187e+02 3.538331764097267240e-01 2.961462646107930254e+02 2.089196637351265551e+01
1.621276767676768884e+02 3.538331764097267240e-01 2.984692082343624406e+02 2.089196637351265551e+01
1.607037416020671685e+02 3.538331764097267240e-01 2.991624704986677443e+02 2.089196637351265551e+01
1.604798458376155850e+02 3.538331764097267240e-01 3.002777835683631906e+02 2.089429798241074110e+01
1.633009500727097816e+02 3.538331764097267240e-01 3.035841189508684010e+02 2.088866114847385447e+01
1.606207707412860941e+02 3.538331764097267240e-01 3.007186526147278300e+02 2.088763735126743981e+01
1.402115829383884886e+02 3.538331764097267240e-01 2.994028010773378696e+02 2.088907656492496656e+01
1.158969976169197622e+02 3.538331764097267240e-01 2.989353625377640924e+02 2.088777392653904030e+01
1.367195979543663782e+02 3.538331764097267240e-01 2.989599172699071232e+02 2.090924211070872474e+01
1.526488027725267216e+02 3.538331764097267240e-01 2.989854513003572265e+02 2.085165152454777626e+01
1.691311853959223299e+02 3.538331764097267240e-01 2.989745276200312105e+02 2.108798773006131100e+01
1.675057017543860525e+02 3.538331764097267240e-01 2.984450039123635179e+02 1.977869549927637749e+01
1.679190370751802561e+02 3.538331764097267240e-01 2.960358062953991407e+02 2.612335515873017400e+01
1.659483814180931063e+02 3.538331764097267240e-01 2.984390488623649276e+02 8.666739921062342589e+00
1.695227159904535199e+02 3.538331764097267240e-01 2.993466148409890479e+02 3.752304037828368166e+01
1.874344626593802730e+02 3.538331764097267240e-01 3.006416362028303979e+02 2.862277061409156076e+01
1.635396682204551269e+02 3.538331764097267240e-01 3.036919360697420984e+02 5.601754088397787967e+01
1.429272720039781746e+02 3.538331764097267240e-01 3.004024537268641097e+02 1.963693306319702359e+01
1.151026436712657528e+02 3.538331764097267240e-01 2.992685944619697693e+02 2.237725146803174425e+01
1.345528722538647628e+02 3.538331764097267240e-01 2.986880293077313695e+02 7.935355596768518538e+00
1.488619323497660787e+02 3.538331764097267240e-01 2.987228231644259608e+02 3.698453535781539614e+01
1.650346224489794338e+02 3.538331764097267240e-01 2.987477307110439142e+02 1.982739754750588901e+01
1.876224262040391864e+02 3.538331764097267240e-01 2.987369596690795106e+02 2.575784067733529525e+01
1.687465912869966189e+02 3.538331764097267240e-01 2.982868850617750809e+02 5.287255300873903607e+00
1.468545546786922102e+02 3.538331764097267240e-01 2.960652059744639359e+02 1.664745777408746719e+01
1.536161130391669758e+02 3.538331764097267240e-01 2.984016228265716109e+02 3.794919702086808400e+01
1.518131137416367267e+02 3.538331764097267240e-01 2.986822440537745820e+02 6.513692370661425457e+01
1.512508814589665747e+02 3.538331764097267240e-01 2.986887763496143862e+02 3.139892984795758935e+01
1.569069790828639555e+02 3.538331764097267240e-01 2.986805894519130788e+02 7.946861437233386560e+00
1.370065353728488162e+02 3.538331764097267240e-01 2.986766218313501327e+02 1.420940149347387482e+01
1.139541307544756847e+02 3.538331764097267240e-01 2.985976026355804152e+02 1.609353418311746609e+01
1.348663883333333615e+02 3.538331764097267240e-01 2.987452699474437168e+02 1.346403451048592181e+01
1.521205312000000731e+02 3.538331764097267240e-01 3.002103331451164649e+02 1.452260630641089278e+01
1.699117426470588725e+02 3.538331764097267240e-01 3.036828887669233268e+02 4.630097679076684791e+00
1.875036740947077476e+02 3.538331764097267240e-01 3.006703558897243624e+02 1.108042570585682896e+01
1.695211357844918041e+02 3.538331764097267240e-01 2.990220594748503231e+02 2.490244597573749630e+01
1.452491956288069730e+02 3.538331764097267240e-01 2.963658705772814415e+02 4.257198946877910828e+01
1.533128557360904267e+02 3.538331764097267240e-01 2.985521561822125136e+02 9.205528510740560222e+00
1.516310996386164902e+02 3.538331764097267240e-01 2.988937035123969963e+02 3.039789769805718933e+01
1.517622015503877435e+02 3.538331764097267240e-01 2.988971059431529511e+02 8.020545303030299067e+01
1.510074045801528086e+02 3.538331764097267240e-01 2.988915830315576159e+02 2.694684472811223230e+01
1.571686257668711164e+02 3.538331764097267240e-01 2.988899844800831715e+02 3.411381875245334783e+01
1.383672768222769207e+02 3.538331764097267240e-01 2.988298016276705198e+02 6.459001006425237890e+00
1.157164207138677199e+02 3.538331764097267240e-01 2.989777281191805400e+02 2.654976896202538228e+01
1.415430544871794609e+02 3.538331764097267240e-01 3.003809627507162645e+02 2.026931464383080339e+01
1.638903061911169345e+02 3.538331764097267240e-01 3.037720189626322735e+02 5.161212291028962795e+01
1.875007913090128113e+02 3.538331764097267240e-01 3.008155058319445061e+02 2.760052235097936801e+01
1.721183141153082374e+02 3.538331764097267240e-01 2.991013454296473242e+02 9.342774152761455397e+00
1.535045790378005961e+02 3.538331764097267240e-01 2.963811974551242088e+02 1.202318394449952699e+01
1.638429892692896601e+02 3.538331764097267240e-01 2.987461516155756271e+02 1.444955289906699925e+01
1.631801652039235648e+02 3.538331764097267240e-01 2.993923500000003060e+02 3.632500241058507662e+00
1.628835236625513403e+02 3.538331764097267240e-01 3.002981439999996383e+02 1.333773816237016518e+01
1.671000047370913251e+02 3.538331764097267240e-01 3.032637452862530836e+02 3.595141007265537070e+01
1.630286707956165060e+02 3.538331764097267240e-01 3.004152832453194719e+02 2.538698511165048544e+01
1.405142037885734112e+02 3.538331764097267240e-01 2.989473502800515234e+02 2.744211695736433043e+01
1.158331036859452041e+02 3.538331764097267240e-01 2.984526602703879803e+02 2.139857013880126857e+01
1.399429287824087567e+02 3.538331764097267240e-01 2.987497104446744629e+02 3.082402133453525650e+01
1.613640174927112412e+02 3.538331764097267240e-01 2.987479824107605850e+02 5.859360866590655093e+01
1.871179077471970231e+02 3.538331764097267240e-01 2.987474909467150610e+02 3.023878543546971187e+01
1.717455559729528147e+02 3.538331764097267240e-01 2.987454267977238942e+02 1.045371714831369303e+01
1.462028197515905674e+02 3.538331764097267240e-01 2.987444956026902787e+02 1.406534715642702160e+01
1.570920839580211350e+02 3.538331764097267240e-01 2.987448939472324696e+02 4.259281740974545372e+00
1.561131738683131687e+02 3.538331764097267240e-01 2.987464718054838499e+02 1.879910507407408105e+01
1.549830331355097996e+02 3.538331764097267240e-01 2.987471184687016148e+02 3.872065894924304530e+01
1.642014369158879958e+02 3.538331764097267240e-01 2.987472995344026003e+02 1.751350007014806920e+01
1.489682809309923357e+02 3.538331764097267240e-01 2.987476564924988907e+02 2.250422346640698734e+01
1.336312466112810569e+02 3.538331764097267240e-01 2.987476720124161034e+02 2.113032713257963735e+01
1.150418457680253113e+02 3.538331764097267240e-01 2.987476720124161034e+02 2.130039130884633991e+01
1.410535935397038827e+02 3.538331764097267240e-01 2.987476202793586140e+02 2.129843610967407130e+01
1.632798903358464884e+02 3.538331764097267240e-01 2.987481117434041948e+02 2.128316502845316904e+01
1.859324479166667743e+02 3.538331764097267240e-01 2.987474185204346782e+02 2.128585152612518172e+01
1.651835105923040317e+02 3.538331764097267240e-01 2.987455768235903975e+02 2.128166166580443530e+01
1.537681009796532408e+02 3.538331764097267240e-01 2.987444180031041583e+02 2.128166166580443530e+01
1.610574132653060815e+02 3.538331764097267240e-01 2.987448836006209376e+02 2.128166166580443530e+01
1.604443720930230484e+02 3.538331764097267240e-01 2.987466321779618852e+02 2.128166166580443530e+01
1.597371741344193765e+02 3.538331764097267240e-01 2.987478375581998193e+02 2.128166166580443530e+01
1.673532375871973557e+02 3.538331764097267240e-01 2.987481117434041948e+02 2.128166166580443530e+01
1.393755221130221003e+02 3.538331764097267240e-01 2.987483911019142511e+02 2.128166166580443530e+01
1.148059767868049192e+02 3.538331764097267240e-01 2.987475012933265930e+02 2.128166166580443530e+01
1.340406427973199470e+02 3.538331764097267240e-01 2.987475064666322737e+02 2.128166166580443530e+01
1.512665797292835919e+02 3.538331764097267240e-01 2.987481376099328827e+02 2.128166166580443530e+01
1.658567112171834879e+02 3.538331764097267240e-01 2.987530988101398179e+02 2.128166166580443530e+01
1.634585295629816244e+02 3.538331764097267240e-01 2.988124387855044120e+02 2.128166166580443530e+01
1.638869509043924495e+02 3.538331764097267240e-01 2.986173644507306904e+02 2.128166166580443530e+01
1.640081156427462474e+02 3.538331764097267240e-01 2.964927650630552307e+02 2.128166166580443530e+01
1.618000582241628820e+02 3.538331764097267240e-01 2.984893731343285594e+02 2.128166166580443530e+01
1.703010728836576675e+02 3.538331764097267240e-01 2.991200904088047423e+02 2.128166166580443530e+01
1.880702558746736486e+02 3.538331764097267240e-01 3.006076392156865609e+02 2.128166166580443530e+01
1.669373233737939586e+02 3.538331764097267240e-01 3.039768216369100742e+02 2.128166166580443530e+01
1.485052939590077301e+02 3.538331764097267240e-01 3.009711246509271518e+02 2.128166166580443530e+01
1.326786163723915593e+02 3.538331764097267240e-01 2.996297048264863179e+02 2.128166166580443530e+01
1.144447589806571415e+02 3.538331764097267240e-01 2.992546550843131854e+02 2.128166166580443530e+01
1.426144590867299655e+02 3.538331764097267240e-01 2.992791843056274388e+02 2.128166166580443530e+01
1.638438890620131758e+02 3.538331764097267240e-01 2.992999285349670799e+02 2.128166166580443530e+01
1.883665517241379916e+02 3.538331764097267240e-01 2.992803095975233987e+02 2.128166166580443530e+01
1.696145241528480767e+02 3.538331764097267240e-01 2.989267029616723335e+02 2.128166166580443530e+01
1.474276355171267312e+02 3.538331764097267240e-01 2.964881864904552344e+02 2.128166166580443530e+01
1.583463331665835483e+02 3.538331764097267240e-01 2.985710630220197004e+02 2.128166166580443530e+01
1.563304254228602019e+02 3.538331764097267240e-01 2.994411888932343686e+02 2.128166166580443530e+01
1.591922380718150691e+02 3.538331764097267240e-01 3.005307757885766478e+02 2.128020538023795893e+01
1.576367394616559352e+02 3.538331764097267240e-01 3.037986554017618346e+02 2.128260889808586498e+01
1.384643218134521021e+02 3.538331764097267240e-01 3.010855925068409533e+02 2.127458613554059852e+01
1.133820947567907353e+02 3.538331764097267240e-01 2.995288942307693674e+02 2.122512699069285347e+01
1.360322955465587142e+02 3.538331764097267240e-01 2.988705030181088205e+02 2.180915105740179172e+01
1.534305460060667485e+02 3.538331764097267240e-01 2.989253615702480715e+02 1.926055326525929345e+01
1.702881447619049595e+02 3.538331764097267240e-01 2.989214019658562620e+02 2.820572625698325453e+01
1.894782582745520756e+02 3.538331764097267240e-01 2.989638214990138181e+02 6.682318069039537178e+00
1.718616189385263056e+02 3.538331764097267240e-01 2.985363192721256382e+02 1.963691798109731579e+01
1.505345814814813252e+02 3.538331764097267240e-01 2.959807824222942259e+02 1.776678771192385042e+01
1.616875520568817137e+02 3.538331764097267240e-01 2.985432974051901169e+02 1.615428615535715551e+01
1.605212493546723636e+02 3.538331764097267240e-01 2.992145565999182963e+02 3.567951368456974137e+01
1.601028992878943313e+02 3.538331764097267240e-01 3.003820984537711638e+02 6.088907507357273374e+01
1.639575393419170553e+02 3.538331764097267240e-01 3.033991892335467924e+02 2.260215038504157548e+01
1.616731080414405994e+02 3.538331764097267240e-01 3.005871783472797460e+02 3.141727139483650078e+01
1.395734128878281126e+02 3.538331764097267240e-01 2.992604726148409782e+02 6.542070824463753986e+00
1.145763640190853039e+02 3.538331764097267240e-01 2.990651619537277952e+02 2.465165117025695452e+01
1.430735462287104269e+02 3.538331764097267240e-01 2.990726176927057054e+02 5.045823622425633204e+01
1.648670428240741614e+02 3.538331764097267240e-01 2.990748008277290069e+02 1.753631392408654932e+01
1.893416800377537186e+02 3.538326694257639682e-01 2.990830430327870317e+02 2.084010298978171960e+01
1.694366835187062179e+02 3.538334764614597394e-01 2.987017608409987020e+02 2.551318471492870543e+01
1.435945810711666866e+02 3.539820184426236693e-01 2.962619013409959621e+02 6.342040841845623333e+00
1.513727066532260608e+02 3.530403725490203759e-01 2.985828865164094736e+02 3.388080886024422256e+01
1.499820618556705085e+02 3.564847309513564100e-01 2.993946612665685052e+02 2.737166923750902825e+01
1.501382833505691963e+02 3.460030537010154728e-01 3.008665794247220333e+02 8.399725781710924366e+01
1.496404205128208105e+02 3.663635090060039512e-01 3.036805530187721729e+02 3.518101302550659426e+01
1.552169775409213344e+02 3.335241327160499702e-01 3.004124698663161439e+02 1.127072039886412824e+01
1.354050574201377231e+02 3.927066435882000661e-01 2.969892963202062219e+02 1.384203240333335572e+01
1.171838957021624310e+02 3.517170398810994802e-01 2.992469748448224323e+02 1.290028227724761933e+01
1.524644079718640057e+02 3.636737116695059613e-01 3.005987539029243862e+02 4.421981498412111300e+00
1.865691974522291332e+02 3.291289471688573220e-01 3.038947767781363041e+02 2.175125286751359610e+01
1.671430556900726003e+02 2.988868621632176925e-01 3.010319303437284475e+02 1.434020077474403898e+01
1.634748191639266963e+02 2.553332161137859546e-01 2.994234233365484101e+02 1.558565665291387958e+01
1.670126464542652229e+02 3.147748355392480657e-01 2.969851011633789426e+02 1.546663439161925702e+01
1.668374857734093553e+02 3.506192377756468526e-01 2.989680651815188526e+02 1.547035355768237075e+01
1.668773553719009328e+02 3.365847053201654338e-01 2.995430685483877937e+02 1.545978248836007651e+01
1.651764567716144256e+02 3.246472872456793723e-01 3.008841930876895958e+02 1.545032693222970721e+01
1.732833078045223374e+02 2.930085578121563450e-01 3.042384135628954596e+02 1.549627302121056438e+01
1.449796940928267475e+02 3.439695400085579502e-01 3.012557401517004223e+02 1.504365237391747812e+01
1.158959636570129419e+02 3.144470469798653633e-01 2.998885664335662682e+02 1.884948981684490121e+01
1.366260546611756013e+02 3.343306918997098753e-01 2.995075531914894214e+02 9.819245327572845738e+00
1.542274820635459776e+02 2.739625760541772870e-01 2.995411639937919972e+02 5.036784202420249557e+01
1.697575380517503447e+02 3.102584070796456928e-01 2.995767898734178516e+02 2.780565131064994944e+01
1.899374966957438460e+02 3.454606970375904695e-01 2.995473456790124374e+02 4.371203875389407756e+01
1.729146085997797400e+02 3.735906930693071448e-01 2.990122603342136358e+02 1.857658077529483975e+01
1.513873782098310414e+02 3.278681411802542578e-01 2.965389007092195470e+02 6.141396971642911318e+00
1.600242754736300412e+02 3.532648854447441034e-01 2.992259109163937296e+02 2.981725818022834318e+01
1.590729752066113747e+02 3.412902491506234481e-01 3.007332530439385891e+02 6.835104112209120331e+01
1.591943927648576675e+02 3.632319144937745103e-01 3.040955349062704158e+02 3.639901492815793915e+01
1.582561713995941659e+02 3.466827233491586169e-01 3.011561173320355920e+02 1.650026891130894668e+01
1.632995910623945122e+02 3.504496176185871170e-01 2.997756870229015362e+02 5.530864029299563001e+00
1.396619912631964553e+02 3.491841731066459564e-01 2.991531010101021479e+02 3.026171864235056930e+01
1.164214793053547794e+02 3.493492809105018249e-01 2.992069839627530428e+02 2.098479629176049244e+01
1.433193375873595699e+02 3.493205328504914164e-01 2.992220981912154230e+02 2.407366414523453457e+01
1.651023569598634708e+02 3.493313812726331902e-01 2.992182678386772068e+02 2.344368394424369484e+01
1.863868590408972352e+02 3.493292964304189896e-01 2.992390512430247895e+02 2.352762079668910644e+01
1.535825279966818186e+02 3.493264873254009473e-01 2.988843062827231734e+02 2.354823900672531778e+01
1.191472244746602058e+02 3.493264873254009473e-01 2.965391858263457152e+02 2.353315726849459111e+01
1.425010826374891906e+02 3.493264873254009473e-01 2.989029760923339154e+02 2.353315726849459111e+01
1.623284463833381892e+02 3.493264873254009473e-01 2.996072614274265788e+02 2.353315726849459111e+01
1.878341265219693241e+02 3.493264873254009473e-01 3.010211061075149246e+02 2.353315726849459111e+01
1.703975342883263693e+02 3.493264873254009473e-01 3.043630887966799605e+02 2.353315726849459111e+01
1.507197515904273075e+02 3.493264873254009473e-01 3.016482864400151129e+02 2.353655871702019908e+01
1.350543039591313459e+02 3.493264873254009473e-01 2.996395011876489320e+02 2.353234919813763071e+01
1.147739228683338268e+02 3.493264873254009473e-01 2.972851774727878365e+02 2.361886370676305802e+01
1.436613413208648353e+02 3.493264873254009473e-01 3.004699494706453038e+02 2.293899093202418626e+01
1.624216720990873455e+02 3.493264873254009473e-01 3.038957239952720784e+02 2.581299340555819555e+01
1.869925260145683694e+02 3.493264873254009473e-01 3.010480645938782231e+02 2.493570802377421103e+01
1.708822714227143820e+02 3.493264873254009473e-01 2.994746668932700686e+02 1.438638664099411812e+01
1.561672628516002703e+02 3.493264873254009473e-01 2.968705847665847841e+02 5.461107265209680861e+01
1.479574858715596122e+02 3.493264873254009473e-01 2.990361559760045225e+02 3.219337702513969646e+01
1.616055290884103215e+02 3.493264873254009473e-01 2.992775542916234031e+02 4.493495276816612716e+01
1.577536280020437971e+02 3.493264873254009473e-01 2.992872854188208862e+02 1.618062108269096200e+01
1.588748364008178555e+02 3.493264873254009473e-01 2.992818008255931659e+02 4.062331514103727059e+00
1.584089755351682527e+02 3.493264873254009473e-01 2.993112898330801386e+02 2.016057814637530754e+01
1.351955842490840496e+02 3.493264873254009473e-01 2.992930844490212507e+02 1.099554602629930322e+01
1.138721368159202569e+02 3.493264873254009473e-01 2.990719770224987428e+02 3.473602170583638582e+01
1.427055281467426084e+02 3.493264873254009473e-01 3.007819147224458902e+02 6.299139061583570509e+01
1.626540624053316719e+02 3.493264873254009473e-01 3.039884111111111906e+02 3.246113187688856527e+01
1.881433118012424188e+02 3.493264873254009473e-01 3.010705786050682491e+02 9.521582232205092922e+00
1.687759209257477266e+02 3.493264873254009473e-01 2.992145996705112907e+02 2.409554437891736001e+01
1.417509531362655650e+02 3.493264873254009473e-01 2.965324865330751436e+02 4.770462366768341234e+00
1.495700392734414379e+02 3.493264873254009473e-01 2.988138775510208802e+02 1.713364252004977217e+01
1.478753553038104940e+02 3.493264873254009473e-01 2.991994208893483460e+02 3.919261978966595450e+01
1.479957837558199572e+02 3.493191412312467437e-01 2.992036960985624887e+02 7.436461383581028883e+01
1.480138230729435804e+02 3.493193326435592438e-01 2.991923176409725329e+02 3.768846102031100287e+01
1.480085669943093194e+02 3.492981705426356775e-01 2.991870305225038464e+02 8.326204459813416392e+00
1.480049818934298287e+02 3.496654818969914258e-01 2.991305381855459018e+02 2.550325860537589762e+01
1.480011639937920052e+02 3.474154599542340627e-01 2.993464195867028934e+02 1.899179946146612608e+01
1.480057475426796998e+02 3.536552303722820256e-01 3.007567308750690245e+02 2.041195222107434049e+01
1.473484787018254565e+02 3.320279773156895042e-01 3.036149838860586669e+02 2.023571112260730942e+01
1.549537980938934254e+02 3.493710577933453743e-01 3.009581912272054751e+02 2.023726006207963124e+01
1.361892465192464385e+02 3.786484730665917731e-01 2.995214867256650564e+02 2.026575400931191595e+01
1.173126253385496653e+02 3.531227227722775752e-01 2.970703589375449383e+02 2.027582126228656989e+01
1.456606359649123021e+02 3.411952467462038840e-01 2.992959039792390854e+02 2.023802095188821681e+01
1.671916926575697460e+02 3.145870934434687460e-01 2.998247587628866881e+02 2.042007425180594282e+01
1.886732729211085200e+02 3.595281629629628606e-01 3.012068460935458347e+02 1.926274666797446855e+01
1.730985916955019377e+02 3.442943989314339315e-01 3.046594810573762402e+02 2.385792717666946317e+01
1.562332454411041169e+02 3.479432854656224761e-01 3.016773651863595660e+02 7.871322786352264345e+00
1.384697099927586237e+02 3.333078729281768737e-01 3.000324276859506085e+02 3.255782389170895641e+01
1.160987350272230287e+02 3.430477763328997343e-01 2.991705743073048893e+02 2.548123430422539215e+01
1.426394148606808869e+02 3.467868101963488825e-01 2.992042980233147205e+02 2.249810955097961340e+01
1.632042617866006253e+02 2.863875598190437910e-01 2.991881766528925368e+02 4.964470770609322159e+01
1.864798538674728263e+02 3.317010237537635908e-01 2.991925786487882419e+02 2.428210048612276495e+01
1.671737093275491475e+02 3.782034450044473028e-01 2.984589821782182071e+02 4.944558314989607517e+00
1.466511539763114911e+02 4.409326408361755600e-01 2.943750194869925281e+02 1.567772898153035754e+01
1.545626034308779140e+02 3.861794248188402112e-01 2.984216808346217249e+02 3.379094241819285571e+01
1.536445872033022511e+02 3.524567025924847385e-01 2.992169772172501325e+02 6.564498512944011566e+01
1.526683432539682599e+02 4.026088669225846850e-01 3.005704751381213669e+02 3.569074101626015505e+01
1.596707372400757947e+02 3.657083801526713196e-01 3.041080857928071737e+02 2.779272881003454998e+01
1.403734930981596278e+02 4.206688335153376812e-01 3.011185056179771209e+02 4.457186877096052768e+01
1.178743132793017310e+02 3.822129721215936637e-01 2.993992343995809620e+02 2.015451220225439855e+01
1.387803969648565783e+02 3.210911361136961628e-01 2.965797720836144435e+02 6.792604823867176123e+00
1.631033837030533675e+02 2.263693127488319023e-01 3.020368871808944959e+02 3.064640298950191521e+01
