1.749275000000000091e+02 3.274844791666667310e-01 3.011753535353535653e+02 4.272428666666666430e+01
1.630461538461538566e+02 3.725120689655171957e-01 2.991559999999999491e+02 2.599081304347825849e+01
2.003429113924050569e+02 3.943955056179774821e-01 3.019620454545454322e+02 2.891697142857142566e+01
1.789485714285714266e+02 3.816327586206897382e-01 3.004112121212120883e+02 5.855538888888889204e+01
1.745985000000000014e+02 4.213898039215686064e-01 2.991782608695652925e+02 3.190014285714284981e+01
1.703413636363636385e+02 3.676007407407407279e-01 2.989714285714286461e+02 2.409681470588234475e+01
1.899679411764705890e+02 3.595800000000000662e-01 2.990325000000000273e+02 3.728943999999999903e+01
1.833010000000000161e+02 3.751157142857142190e-01 2.990790476190476284e+02 2.942314814814814383e+01
1.507888000000000090e+02 3.512497674418604832e-01 2.988679166666667015e+02 6.396215325581397160e+00
1.321451851851851416e+02 2.686665116279070009e-01 2.964865367965368819e+02 1.572910000000000430e+01
1.446531707317073199e+02 3.352849090909091334e-01 2.992905000000000655e+02 1.743449310344827907e+01
1.627300000000000182e+02 3.905584444444444303e-01 2.995785000000000764e+02 1.138046678571428494e+01
1.685285000000000082e+02 3.677228571428571291e-01 3.000570000000001301e+02 3.739791666666666003e+01
1.865461702127659578e+02 3.640533333333333954e-01 3.000833333333333712e+02 2.860122499999999945e+01
1.683065000000000282e+02 3.609268181818181542e-01 3.011881666666666320e+02 3.121689200000000497e+01
1.680354999999999848e+02 3.672051851851851900e-01 3.000675000000000523e+02 6.094863999999999749e+01
1.709831818181817766e+02 3.625057142857142645e-01 2.997055000000000859e+02 3.874117000000000388e+01
1.643415384615384482e+02 3.640464999999999951e-01 2.997370000000000800e+02 4.430065000000001163e+01
1.922811627906977208e+02 3.640464999999999951e-01 2.997630000000000905e+02 2.964723999999999648e+01
1.575721739130434855e+02 3.640464999999999951e-01 2.994930000000001087e+02 3.815190476190475977e+01
1.519495000000000005e+02 3.640464999999999951e-01 2.994481818181819222e+02 1.957490000000000308e+01
1.312628205128204968e+02 3.640464999999999951e-01 2.985028571428570672e+02 6.569012737704917448e+00
1.459474999999999909e+02 3.695596428571428227e-01 2.991619999999999209e+02 1.569126400000000210e+01
1.605638095238095104e+02 3.588203571428570937e-01 2.994650000000000887e+02 2.445933437499999741e+01
1.663239393939393551e+02 3.984098989898990362e-01 2.995880000000000791e+02 2.087557727272727703e+01
1.930976388888888664e+02 4.306067966573816075e-01 2.995855000000000814e+02 2.049349500000000290e+01
1.746845000000000141e+02 3.790638461538462511e-01 2.995790000000001214e+02 3.683215151515151575e+01
1.760950000000000273e+02 3.495208333333332806e-01 3.003570588235293712e+02 6.054121621621622040e+01
1.760950000000000273e+02 3.551374999999999393e-01 2.997171428571429033e+02 2.349186363636364305e+01
1.750840000000000032e+02 3.545989999999999420e-01 2.995465000000000941e+02 3.133520000000000039e+01
1.765528571428571354e+02 3.548394999999999744e-01 2.995465000000000941e+02 4.425284000000000617e+01
1.603255555555555247e+02 3.548394999999999744e-01 2.995465000000000941e+02 2.042133793103448269e+01
1.471083333333333201e+02 3.548394999999999744e-01 2.992609523809524035e+02 9.512760088235294731e+00
1.296073030303030293e+02 3.548394999999999744e-01 2.972469047619047160e+02 1.904419166666666641e+01
1.416457575757575285e+02 3.548394999999999744e-01 2.991273913043478387e+02 3.731292592592591717e+01
1.600805000000000007e+02 3.548394999999999744e-01 2.995500000000000682e+02 2.464496818181817162e+01
1.602110000000000127e+02 3.548394999999999744e-01 2.999790909090908713e+02 2.592359999999999332e+01
1.595060000000000286e+02 3.548394999999999744e-01 2.995570000000000164e+02 2.592359999999999332e+01
1.595060000000000286e+02 3.548394999999999744e-01 2.995895000000000437e+02 2.592359999999999332e+01
1.551915000000000191e+02 3.551989999999999870e-01 3.007447540983606586e+02 2.732554166666665907e+01
1.861392727272727257e+02 3.547864999999999491e-01 3.022001136363635965e+02 2.295497647058822821e+01
1.972400000000000091e+02 3.507480000000000042e-01 3.010319999999998686e+02 6.040891176470587709e+01
1.805288235294117101e+02 3.182697826086956505e-01 2.997974193548387234e+02 2.823453333333333504e+01
1.634415999999999940e+02 3.469003174603174644e-01 2.994525000000000432e+02 3.758293750000000699e+01
1.483670000000000186e+02 3.583500000000000019e-01 2.994515000000000668e+02 6.959950185714284920e+00
1.316035624999999811e+02 3.583500000000000019e-01 2.990000000000000000e+02 2.912170357142857213e+01
1.445769230769230660e+02 3.583500000000000019e-01 2.995414999999999850e+02 1.601737745098039412e+01
1.600278787878787909e+02 3.601599999999999246e-01 2.995609999999999786e+02 2.156142820512820535e+01
1.754004999999999939e+02 3.565242857142856825e-01 2.995760000000000218e+02 4.381700000000000728e+01
1.899021568627450733e+02 3.636794285714285424e-01 3.001947222222220830e+02 3.193523809523809120e+01
1.720745000000000005e+02 3.912672413793103487e-01 2.994082608695651970e+02 3.413849999999999341e+01
1.728565000000000111e+02 3.558757142857142952e-01 2.993720000000000141e+02 3.413849999999999341e+01
1.728345000000000482e+02 3.615399999999999170e-01 2.993839999999999577e+02 3.457009999999999650e+01
1.743933333333333451e+02 3.706593103448275750e-01 2.993839999999999577e+02 3.156299999999999883e+01
1.703795652173913027e+02 3.584095454545454529e-01 2.994585000000000150e+02 5.452139534883720984e+01
1.554040740740740603e+02 3.613480000000000580e-01 2.994585000000000150e+02 2.081348399999999899e+01
1.485600000000000023e+02 3.613385000000000069e-01 2.987983333333332325e+02 1.459844761904761867e+01
1.248473235294117671e+02 3.613385000000000069e-01 2.979437037037037044e+02 7.461962293103447941e+00
1.482784375000000239e+02 3.613385000000000069e-01 2.992833333333333599e+02 2.047557142857142409e+01
1.620930434782608529e+02 3.613385000000000069e-01 2.996242857142857474e+02 1.890879999999999583e+01
1.722195000000000391e+02 3.613385000000000069e-01 2.996510000000000105e+02 2.568680645161290599e+01
1.726885000000000048e+02 3.613385000000000069e-01 3.007912121212120269e+02 2.150843999999999667e+01
1.729435000000000002e+02 3.613385000000000069e-01 2.998485000000000014e+02 4.880846153846152902e+01
1.683199999999999932e+02 3.613385000000000069e-01 2.997905000000000086e+02 5.513406666666666212e+01
1.742036363636363490e+02 3.613385000000000069e-01 2.998380000000000223e+02 3.893207941176470399e+01
1.976257500000000107e+02 3.613385000000000069e-01 3.002349999999999568e+02 7.473655999999999722e+01
1.808385185185185264e+02 3.613385000000000069e-01 2.999429999999999836e+02 3.034308108108108115e+01
1.666988571428571788e+02 3.613385000000000069e-01 2.994348000000000525e+02 2.385535483870967965e+01
1.482073333333333665e+02 3.613385000000000069e-01 2.986603703703704014e+02 7.111592509803921658e+00
1.315023829787234035e+02 3.613385000000000069e-01 2.963987735849055980e+02 4.460537837837836861e+01
1.502911538461538612e+02 3.613385000000000069e-01 2.985389655172413654e+02 2.004431428571428953e+01
1.594491304347826031e+02 3.613385000000000069e-01 3.001538095238095138e+02 2.716395652173913433e+01
1.700200000000000387e+02 3.613385000000000069e-01 3.013241666666665992e+02 2.323834615384616242e+01
1.698185000000000002e+02 3.613385000000000069e-01 2.998283333333333758e+02 3.348431250000000858e+01
1.667415000000000020e+02 3.613385000000000069e-01 2.997040000000000077e+02 1.900565365306122345e+01
1.956590361445783230e+02 3.613385000000000069e-01 2.997085000000000150e+02 5.693255555555554537e+01
1.749210000000000207e+02 3.613385000000000069e-01 2.991316000000000486e+02 3.921489655172413791e+01
1.737905000000000086e+02 3.613385000000000069e-01 2.992864999999999895e+02 4.777322727272727576e+01
1.735295000000000130e+02 3.613385000000000069e-01 2.992925000000000182e+02 2.539310909090908908e+01
1.578220000000000027e+02 3.613385000000000069e-01 2.993010000000000446e+02 3.483134615384616239e+01
1.475746666666666727e+02 3.613385000000000069e-01 2.992850000000000250e+02 2.021776695652173927e+01
1.295230333333333306e+02 3.613385000000000069e-01 2.976460000000000150e+02 8.593887750000000381e+00
1.438151724137931069e+02 3.613385000000000069e-01 2.994279166666666470e+02 1.873134000000000299e+01
1.586986666666666963e+02 3.613385000000000069e-01 2.997560000000000286e+02 1.878549090909091390e+01
1.771245000000000118e+02 3.613385000000000069e-01 3.002950000000000159e+02 1.876849999999999952e+01
1.830587096774193583e+02 3.613385000000000069e-01 3.018194117647058192e+02 4.086090000000000089e+01
1.757063636363636476e+02 3.613385000000000069e-01 3.005451111111111118e+02 7.247578571428572047e+01
1.707392307692308009e+02 3.613385000000000069e-01 2.999074999999999704e+02 2.687947619047618986e+01
1.770430434782608700e+02 3.613385000000000069e-01 2.999345000000000141e+02 2.816765000000000541e+01
2.000558333333333110e+02 3.613385000000000069e-01 2.999145000000000323e+02 2.816765000000000541e+01
1.838707692307692412e+02 3.613385000000000069e-01 2.999145000000000323e+02 3.860262499999999619e+01
1.743408695652174458e+02 3.613385000000000069e-01 2.999145000000000323e+02 2.625060000000000571e+01
1.478048148148148186e+02 3.613385000000000069e-01 2.995448000000000661e+02 2.750386956521739279e+01
1.270229629629629500e+02 3.613385000000000069e-01 2.983648387096773718e+02 2.424929629629629346e+01
1.426887999999999863e+02 3.613385000000000069e-01 2.998948000000000320e+02 9.646703333333331187e+00
1.568376470588235065e+02 3.613385000000000069e-01 3.004923809523808700e+02 3.071052173913043148e+01
1.674104545454545416e+02 3.613385000000000069e-01 3.008426086956521317e+02 2.585715238095238178e+01
1.920362962962962570e+02 3.613385000000000069e-01 3.023214864864864921e+02 3.451260000000000616e+01
1.775230000000000246e+02 3.613385000000000069e-01 3.005574193548386575e+02 3.951690909090908832e+01
1.775325000000000273e+02 3.613385000000000069e-01 3.004105000000001269e+02 3.394886363636364024e+01
1.775325000000000273e+02 3.613385000000000069e-01 3.002365217391304100e+02 2.771874137931034099e+01
1.752214285714285609e+02 3.613385000000000069e-01 3.003681818181818244e+02 5.688043243243243552e+01
1.809692000000000576e+02 3.613385000000000069e-01 3.007339393939393517e+02 3.628848275862068817e+01
1.569668181818181836e+02 3.613385000000000069e-01 2.994547999999999774e+02 3.371646153846154448e+01
1.473669230769231149e+02 3.613385000000000069e-01 2.991753846153845302e+02 1.370156559999999857e+01
1.256877941176470586e+02 3.613385000000000069e-01 2.976926470588235816e+02 4.438019842105262569e+00
1.478841860465116440e+02 3.613385000000000069e-01 2.992523809523809746e+02 1.077784005000000001e+01
1.576855555555555952e+02 3.613385000000000069e-01 2.998758064516129025e+02 1.109635699999999936e+01
1.850804545454545575e+02 3.549675862068966126e-01 3.014775555555556252e+02 2.453998148148147962e+01
1.841066666666666265e+02 3.612049999999999983e-01 3.000745000000001141e+02 5.870204878048780017e+01
2.005910526315788900e+02 3.640511538461539409e-01 3.000962500000000546e+02 2.567268461538461821e+01
1.782531818181818153e+02 3.614264999999999839e-01 2.998650000000000659e+02 2.504665999999999926e+01
1.757650000000000148e+02 3.614264999999999839e-01 2.995565000000000850e+02 3.188381481481481572e+01
1.598646153846153766e+02 3.614264999999999839e-01 2.996524999999999750e+02 6.570881249999999341e+01
1.657454545454545212e+02 3.614264999999999839e-01 2.996290476190476397e+02 4.452159999999999940e+01
1.430348148148147800e+02 3.614264999999999839e-01 2.989444444444444002e+02 2.086415517241379547e+01
1.500069230769230728e+02 3.614264999999999839e-01 2.978686792452830332e+02 9.982129088888889612e+00
1.247829729729730133e+02 3.614264999999999839e-01 2.991874074074074201e+02 2.345761904761904404e+01
1.491920000000000073e+02 3.601455000000000073e-01 2.992223809523809450e+02 2.376165000000000305e+01
1.607610256410256682e+02 3.608580000000000121e-01 2.998186363636363581e+02 3.504242857142857304e+01
1.806865000000000236e+02 3.617995238095238486e-01 3.000058333333333280e+02 3.575349999999999540e+01
1.732895833333333542e+02 3.971983157894736771e-01 3.012301754385965182e+02 3.575349999999999540e+01
1.915458974358974444e+02 3.802229230769231805e-01 3.000996296296295895e+02 3.575349999999999540e+01
1.743785000000000025e+02 4.249161009174311499e-01 2.997530000000000427e+02 3.553044999999999476e+01
1.777334999999999923e+02 4.080674528301886372e-01 2.995954999999999586e+02 4.052423076923076906e+01
1.617343478260869176e+02 3.817966666666665621e-01 2.996594999999999800e+02 6.003125925925926509e+01
1.697742857142856963e+02 3.718625000000000402e-01 2.996349999999999909e+02 2.778301666666666137e+01
1.556228571428571570e+02 3.715400000000000369e-01 2.995950000000000273e+02 3.420714814814814275e+01
1.479969999999999857e+02 3.715400000000000369e-01 2.990545714285714780e+02 1.724740730769230979e+01
1.250377250000000089e+02 3.715400000000000369e-01 2.977260000000000559e+02 6.559687414634146840e+00
1.485480000000000018e+02 3.715400000000000369e-01 2.993743478260869892e+02 1.871330303030303455e+01
1.559847826086956388e+02 3.715400000000000369e-01 2.995405000000000086e+02 4.068899999999999295e+01
1.674806451612903118e+02 3.715400000000000369e-01 2.996338095238095320e+02 2.832039130434782592e+01
1.937655263157894581e+02 3.715400000000000369e-01 3.013289041095890752e+02 3.122030000000000527e+01
1.756468181818181904e+02 3.667992307692308218e-01 3.001565384615385028e+02 3.098930000000000362e+01
1.710970000000000084e+02 3.704295652173913433e-01 2.995765000000000100e+02 3.902933333333333366e+01
1.795625000000000000e+02 4.146812393162394028e-01 2.995655000000000427e+02 3.372780952380951902e+01
1.832880952380952237e+02 3.829437499999999162e-01 2.995655000000000427e+02 3.457809523809523000e+01
1.819054999999999609e+02 3.638599999999999612e-01 2.995655000000000427e+02 2.961719047619047629e+01
1.666593333333333362e+02 3.656355000000000022e-01 2.995679999999999836e+02 3.212785000000000224e+01
1.475319047619047694e+02 3.656355000000000022e-01 2.989855882352941876e+02 3.081475000000000364e+01
1.247423636363636490e+02 3.656355000000000022e-01 2.976935294117647004e+02 1.491593666666666707e+01
1.400917857142857201e+02 3.656355000000000022e-01 2.997690909090909486e+02 7.457513538461537195e+00
1.550442857142857349e+02 3.656355000000000022e-01 2.999295000000000186e+02 2.409542307692307972e+01
1.685948275862068897e+02 3.644659090909090904e-01 2.999000000000000341e+02 2.099044999999999561e+01
1.855565384615384801e+02 3.727290909090908988e-01 2.999000000000000341e+02 2.099044999999999561e+01
1.979377272727272725e+02 3.677555555555555578e-01 2.999000000000000341e+02 2.163679999999999737e+01
1.746704545454545610e+02 3.513384375000000448e-01 2.998975000000000364e+02 1.756102608695651668e+01
1.753949999999999818e+02 3.321866666666666856e-01 3.000349999999999682e+02 3.928315624999999756e+01
1.755709523809523489e+02 3.547038095238095323e-01 3.014854347826087064e+02 5.477629729729729036e+01
1.723491304347825803e+02 3.579859090909091046e-01 3.005399999999999636e+02 2.527091666666666470e+01
1.561172727272727343e+02 3.529547619047618823e-01 2.999409999999999741e+02 1.820047999999999888e+01
1.414896153846154050e+02 3.540415000000000090e-01 2.991869696969696975e+02 2.133591304347826068e+01
1.291319999999999766e+02 3.540415000000000090e-01 2.981555263157894728e+02 7.723305106382976959e+00
1.440430434782608700e+02 3.540415000000000090e-01 2.993936363636363467e+02 2.089570833333333155e+01
1.545537931034482426e+02 3.540415000000000090e-01 2.995689999999999600e+02 1.937047619047618952e+01
1.777563636363636590e+02 3.540415000000000090e-01 3.010439393939394108e+02 1.900880000000000081e+01
1.910747826086956138e+02 3.540415000000000090e-01 2.999479999999999791e+02 2.437615199999999760e+01
1.787057142857142935e+02 3.540415000000000090e-01 3.001082142857142117e+02 5.759351219512195996e+01
1.779066666666666947e+02 3.540415000000000090e-01 2.998175000000000523e+02 2.589137727272727219e+01
1.775690000000000737e+02 3.540415000000000090e-01 2.992496428571428169e+02 2.333038095238094911e+01
1.809766666666666879e+02 3.544205000000000272e-01 2.995844999999999345e+02 2.779165000000000063e+01
1.721489285714285415e+02 3.542460000000000053e-01 2.995769999999999413e+02 4.068951428571428153e+01
1.555617142857142881e+02 3.479813636363636165e-01 2.995814999999999486e+02 1.473217272727272764e+01
1.481073913043478285e+02 3.564391304347825917e-01 2.995649999999999977e+02 2.505556041666666545e+01
1.273134473684210519e+02 3.497020833333333023e-01 2.983870731707317532e+02 1.435840810810810986e+01
1.466290909090909338e+02 3.542390000000000261e-01 2.994974999999999454e+02 9.042989571428570628e+00
1.626583333333333030e+02 3.535075000000000300e-01 2.999479999999999791e+02 2.004537187500000073e+01
1.756809523809523341e+02 3.535075000000000300e-01 3.000409999999999968e+02 1.452835482758620778e+01
1.931234883720930497e+02 3.535075000000000300e-01 3.003624137931034284e+02 3.353115000000000379e+01
1.755068181818181756e+02 3.535075000000000300e-01 3.019001639344262458e+02 3.478509090909091128e+01
1.720630000000000166e+02 3.535075000000000300e-01 3.003382926829269195e+02 2.695711538461538126e+01
1.721730000000000018e+02 3.535075000000000300e-01 2.997035000000000196e+02 2.812669999999999959e+01
1.699190476190476318e+02 3.535075000000000300e-01 2.996585000000000036e+02 4.880889473684210600e+01
1.791639130434782317e+02 3.535075000000000300e-01 2.996630000000000109e+02 3.036681818181818926e+01
1.480456000000000074e+02 3.535075000000000300e-01 2.996630000000000109e+02 6.072458620689655362e+01
1.422831999999999937e+02 3.535075000000000300e-01 2.994447826086956184e+02 1.875283571428571605e+01
1.221420000000000243e+02 3.535075000000000300e-01 2.981055813953489064e+02 1.344917772727272620e+01
1.451641666666666310e+02 3.535075000000000300e-01 2.989424324324324971e+02 5.935603023255812793e+00
1.617859090909090867e+02 3.535075000000000300e-01 2.999992592592592473e+02 1.904848124999999825e+01
1.709545000000000243e+02 3.535075000000000300e-01 3.007654054054054313e+02 2.252459285714285997e+01
1.924641935483870725e+02 3.535075000000000300e-01 3.026875000000000000e+02 4.784426470588235958e+01
1.816094999999999970e+02 3.535075000000000300e-01 3.002600000000000477e+02 3.281433333333333024e+01
1.764447826086956468e+02 3.535075000000000300e-01 3.002848275862069158e+02 3.470469999999999544e+01
1.853113043478260806e+02 3.535075000000000300e-01 2.999819047619048433e+02 3.470469999999999544e+01
2.006563888888888698e+02 3.535075000000000300e-01 3.000344999999999800e+02 3.469234999999999758e+01
1.721913513513513578e+02 3.535075000000000300e-01 3.000190000000000055e+02 3.837650000000000006e+01
1.634787999999999784e+02 3.535075000000000300e-01 3.000690476190476943e+02 2.720444736842105726e+01
1.496466666666666754e+02 3.535075000000000300e-01 3.000065000000000168e+02 1.153978500000000196e+01
1.248501428571428278e+02 3.535075000000000300e-01 2.990565789473683935e+02 1.254198000000000057e+01
1.405149999999999864e+02 3.536385000000000223e-01 2.999385000000000900e+02 5.382659916666666433e+00
1.601335000000000264e+02 3.514743478260869414e-01 2.999934999999999832e+02 1.167940344827586152e+01
1.744220000000000255e+02 3.619463636363636216e-01 3.002115384615384528e+02 3.001936363636363581e+01
1.853218750000000341e+02 3.903232222222222103e-01 3.010960344827586255e+02 2.489114999999999966e+01
1.727320000000000277e+02 3.597884615384615015e-01 3.001177272727272225e+02 2.489114999999999966e+01
1.727320000000000277e+02 3.536385000000000223e-01 2.998900000000000432e+02 2.504104999999999848e+01
1.719910000000000139e+02 3.536385000000000223e-01 2.999719999999999800e+02 2.304886363636363811e+01
1.925606896551724105e+02 3.536385000000000223e-01 2.999719999999999800e+02 5.057724390243901524e+01
1.702668000000000177e+02 3.536385000000000223e-01 2.999719999999999800e+02 2.909841666666666526e+01
1.590396000000000072e+02 3.536385000000000223e-01 2.999242857142857588e+02 3.561350000000000193e+01
1.486270833333333030e+02 3.536385000000000223e-01 2.992028571428571126e+02 1.584737931034482905e+01
1.253616333333333159e+02 3.551619047619047342e-01 2.978752830188679468e+02 4.184923849999999668e+00
1.415390000000000441e+02 3.519075000000000397e-01 2.994630434782608290e+02 1.159727999999999959e+01
1.631854166666666686e+02 3.519830000000000458e-01 3.000535000000000991e+02 2.103796296296296475e+01
1.674800000000000182e+02 3.575055555555555209e-01 3.007142307692308236e+02 1.384169718749999944e+01
1.911506153846154632e+02 3.526860869565217049e-01 3.027672340425531843e+02 4.574244117647059227e+01
1.683279999999999745e+02 3.341558139534883676e-01 3.010132558139534922e+02 2.867896000000000356e+01
1.717359999999999900e+02 3.736664583333333400e-01 3.001840909090909122e+02 3.810649999999999693e+01
1.671670000000000016e+02 3.505724999999999536e-01 3.002320000000000277e+02 3.142127272727273635e+01
1.671670000000000016e+02 3.546925000000000772e-01 3.002559090909090855e+02 7.976645833333331836e+01
1.683569999999999709e+02 3.545185000000000697e-01 3.002310000000001082e+02 2.611106451612903001e+01
1.602046666666666397e+02 3.545185000000000697e-01 2.996845833333333076e+02 1.855010384615384922e+01
1.497599999999999909e+02 3.545185000000000697e-01 2.994166666666666288e+02 2.776595833333333019e+01
1.287712999999999965e+02 3.545185000000000697e-01 2.983000000000000114e+02 1.444178571428571267e+01
1.429653124999999818e+02 3.545185000000000697e-01 2.999847619047619673e+02 7.565283195121950577e+00
1.621665517241378893e+02 3.545185000000000697e-01 3.004256000000000313e+02 2.629363636363635948e+01
1.797464999999999975e+02 3.545185000000000697e-01 3.017746808510638061e+02 2.257170999999999950e+01
1.813787999999999272e+02 3.545185000000000697e-01 3.006725000000000705e+02 3.806706451612902242e+01
1.732965000000000089e+02 3.545185000000000697e-01 3.003808000000000789e+02 2.382248000000000232e+01
1.706995000000000289e+02 3.545185000000000697e-01 3.006147619047619060e+02 2.807904166666666157e+01
1.737052380952380872e+02 3.545185000000000697e-01 3.020200000000000387e+02 4.605260606060605966e+01
1.960268181818181858e+02 3.545185000000000697e-01 3.012105555555555156e+02 2.175106666666666655e+01
1.662582142857143026e+02 3.549285000000000356e-01 3.000499999999999545e+02 2.924496969696970083e+01
1.543615000000000066e+02 3.549075000000000424e-01 2.998390000000000555e+02 1.882158484848485003e+01
1.529047826086956263e+02 3.557723809523809511e-01 2.998086956521739239e+02 1.230848671428571173e+01
1.279220243902438767e+02 3.491945454545454797e-01 2.986577142857143485e+02 4.621417227272727857e+00
1.440137037037036976e+02 3.034683720930232975e-01 2.997171428571429033e+02 2.207269230769230717e+01
1.613777777777777658e+02 3.413387804878049714e-01 2.997714285714286575e+02 3.930479999999999308e+01
1.668245000000000005e+02 3.561609090909090836e-01 3.006731428571428637e+02 1.961873399999999634e+01
1.693659999999999854e+02 3.547939999999999428e-01 2.996933333333333849e+02 3.041971739130434571e+01
1.906655319148935916e+02 3.547939999999999428e-01 2.996405000000000882e+02 2.769533333333333047e+01
1.693956521739130210e+02 3.547939999999999428e-01 2.996405000000000882e+02 6.050832352941177561e+01
1.656404999999999745e+02 3.670366666666666222e-01 2.996405000000000882e+02 3.900847826086955905e+01
1.665275000000000318e+02 3.528379999999999850e-01 2.996405000000000882e+02 4.248603448275862604e+01
1.574566666666666777e+02 3.526475000000000026e-01 2.996405000000000882e+02 1.937464999999999904e+01
1.722145454545454584e+02 3.526475000000000026e-01 2.992828125000000909e+02 1.661556764705882472e+01
1.438409090909090935e+02 3.526475000000000026e-01 2.972464285714286234e+02 2.876784000000000319e+01
1.292683589743589891e+02 3.526475000000000026e-01 2.989348484848484304e+02 7.607318384615383344e+00
1.478433333333333337e+02 3.526475000000000026e-01 2.995814285714285461e+02 2.265625000000000355e+01
1.596004545454545394e+02 3.526475000000000026e-01 3.003636363636363740e+02 2.284450000000000358e+01
1.881547368421052511e+02 3.526475000000000026e-01 3.007953846153846484e+02 2.418005000000000848e+01
1.746915000000000191e+02 3.526475000000000026e-01 3.021860563380281519e+02 2.324108695652174106e+01
1.739764999999999873e+02 3.526475000000000026e-01 3.007350000000000136e+02 2.774243999999999843e+01
1.739764999999999873e+02 3.526475000000000026e-01 3.002780000000000200e+02 2.216535000000000366e+01
1.738115000000000236e+02 3.526475000000000026e-01 3.002400000000000091e+02 2.250460000000000349e+01
1.900703333333333376e+02 3.526475000000000026e-01 3.003920000000000528e+02 2.047307142857142637e+01
1.748756521739130392e+02 3.526475000000000026e-01 3.003642857142856997e+02 3.983943750000000250e+01
1.518806896551724321e+02 3.526475000000000026e-01 2.994271428571428260e+02 2.496082758620689290e+01
1.438651724137931183e+02 3.526475000000000026e-01 2.991356521739130585e+02 2.081149000000000271e+01
1.274688484848484791e+02 3.526475000000000026e-01 2.977253086419753458e+02 2.441966666666666441e+01
1.479699999999999989e+02 3.526475000000000026e-01 2.992300000000000750e+02 2.369715000000000060e+01
1.644230769230769340e+02 3.526475000000000026e-01 2.997130769230769261e+02 9.813805836734690757e+00
1.757890000000000441e+02 3.526475000000000026e-01 3.006173076923076906e+02 2.653879999999999839e+01
1.758105000000000189e+02 3.526475000000000026e-01 3.017079032258064331e+02 2.392289999999999850e+01
1.747123809523809825e+02 3.526475000000000026e-01 3.004213793103448893e+02 2.852463636363636468e+01
1.888205128205128460e+02 3.526475000000000026e-01 2.999975000000000591e+02 2.469868636363636583e+01
1.787836000000000070e+02 3.526475000000000026e-01 2.999975000000000591e+02 6.262784210526316997e+01
1.980976923076922844e+02 3.526475000000000026e-01 3.002491666666666674e+02 3.064055999999999713e+01
1.826316666666666890e+02 3.526475000000000026e-01 3.001180000000000518e+02 4.129530769230770204e+01
1.554708000000000254e+02 3.526475000000000026e-01 2.994325000000000045e+02 2.768320689655172373e+01
1.438838095238095320e+02 3.526475000000000026e-01 2.992838461538461843e+02 1.614165909090909423e+01
1.238560294117646947e+02 3.526144999999999974e-01 2.981506666666667229e+02 1.773556923076923297e+01
1.489769230769230717e+02 3.530150000000000232e-01 2.993868181818182279e+02 7.352188738095239096e+00
1.602490909090909099e+02 3.525484999999999869e-01 2.997908695652173492e+02 2.093706500000000048e+01
1.786127272727272839e+02 3.529605000000000103e-01 3.005584999999999809e+02 2.034421500000000194e+01
1.935386666666666713e+02 3.530839999999999534e-01 3.008707692307692696e+02 2.060021500000000216e+01
1.738474999999999966e+02 3.530820000000000070e-01 3.021926923076923117e+02 1.627844062500000177e+01
1.680447619047618844e+02 3.530305000000000248e-01 3.007614285714285529e+02 3.350799999999999557e+01
1.723345000000000482e+02 3.529759999999999565e-01 3.009622580645161065e+02 2.472478999999999871e+01
1.932238461538460967e+02 3.529549999999999632e-01 3.002431034482758605e+02 3.214261538461538237e+01
1.749655555555555395e+02 3.525244999999999629e-01 2.995395000000000323e+02 6.281044827586207191e+01
1.530536000000000172e+02 3.524279999999999635e-01 2.995104999999999791e+02 2.970198181818181382e+01
1.440820833333333155e+02 3.571130434782608387e-01 2.994780000000000086e+02 2.016801200000000449e+01
1.256277941176470705e+02 3.511694999999999678e-01 2.981609374999999886e+02 8.088643833333334143e+00
1.443530000000000086e+02 3.220500000000000029e-01 2.990284000000000333e+02 2.386090476190476295e+01
1.551434615384615938e+02 3.448248484848484008e-01 3.005891999999999484e+02 1.525110416666666779e+01
1.587782608695652300e+02 3.518212499999999743e-01 3.008349999999999795e+02 3.205246153846153589e+01
1.851594999999999800e+02 3.829933333333333523e-01 3.008280000000000314e+02 2.643560000000000088e+01
1.853365000000000009e+02 3.524163636363636387e-01 3.009105000000000132e+02 2.666360000000000241e+01
1.848315000000000055e+02 3.103932795698924885e-01 3.009199999999999591e+02 2.709455000000000524e+01
1.983399999999999750e+02 2.737420338983050927e-01 3.020719047619047046e+02 2.390316521739130096e+01
1.819902631578947592e+02 3.143602456140350276e-01 3.009245945945945664e+02 3.421679166666665850e+01
1.641291304347826099e+02 3.442122499999999974e-01 3.003996153846154584e+02 5.687055172413792548e+01
1.691620000000000346e+02 3.500300000000000633e-01 3.000875000000000909e+02 3.266515789473684350e+01
1.544045000000000130e+02 3.492400000000000504e-01 2.993439285714285916e+02 1.653490500000000196e+01
1.246421212121211965e+02 3.492355000000000320e-01 2.979002857142857010e+02 6.125568555555557460e+00
1.464745454545454493e+02 3.492355000000000320e-01 2.994159999999999968e+02 1.944473809523809393e+01
1.535893103448275951e+02 3.492355000000000320e-01 2.997040000000000077e+02 2.159934000000000154e+01
1.694134615384615472e+02 3.492355000000000320e-01 3.012686567164179223e+02 1.810572258064516404e+01
1.861706896551724242e+02 3.492355000000000320e-01 3.027174242424242721e+02 3.444299999999999073e+01
1.813545000000000016e+02 3.554668965517241430e-01 3.009054545454545746e+02 1.658346060606060490e+01
1.812189999999999941e+02 3.345955882352941169e-01 3.001495652173913413e+02 3.949096875000000750e+01
1.814800000000000182e+02 3.704568085106383357e-01 3.000695000000000050e+02 8.773491304347827224e+01
1.996404411764705742e+02 3.892093333333332406e-01 3.000670000000000641e+02 4.227653061224489051e+01
1.780048387096773865e+02 3.567100000000000826e-01 3.001295000000000073e+02 2.200985909090909232e+01
1.597475999999999772e+02 3.559523809523809645e-01 3.001175000000000068e+02 1.812676499999999891e+01
1.443692307692307963e+02 3.545342857142857462e-01 2.993500000000000227e+02 1.221794930232558052e+01
1.265985945945946014e+02 3.559190000000000964e-01 2.971584615384616086e+02 2.055958620689655092e+01
1.483564000000000078e+02 3.559190000000000964e-01 2.992418181818182461e+02 7.092335739130435357e+00
1.616932142857143049e+02 3.559190000000000964e-01 3.007738709677419138e+02 1.792396153846153695e+01
1.925863043478260579e+02 3.559190000000000964e-01 3.024829166666666538e+02 3.285542857142857542e+01
1.771895652173913049e+02 3.559190000000000964e-01 3.006442857142857861e+02 3.042749999999999844e+01
1.760800000000000409e+02 3.559190000000000964e-01 3.007347826086956957e+02 4.492931250000000176e+01
1.744784999999999968e+02 3.559190000000000964e-01 3.006617391304347393e+02 2.568682068965517118e+01
1.754764999999999873e+02 3.559190000000000964e-01 3.012562500000000227e+02 7.119997959183672265e+01
1.829004545454545507e+02 3.559190000000000964e-01 3.005450000000000159e+02 3.237554999999999694e+01
1.774376190476190516e+02 3.559190000000000964e-01 3.003325000000000387e+02 3.916336363636362705e+01
1.583217647058823445e+02 3.559190000000000964e-01 3.000262499999999477e+02 2.856709523809523077e+01
1.498548571428571279e+02 3.559190000000000964e-01 2.997243478260869551e+02 1.771839599999999493e+01
1.284246060606060951e+02 3.559190000000000964e-01 2.983005405405405668e+02 2.032922727272726959e+01
1.462693548387096882e+02 3.559190000000000964e-01 3.002730769230769283e+02 1.306662883333333269e+01
1.710052173913042850e+02 3.559190000000000964e-01 3.020222580645160519e+02 3.139438095238095272e+01
1.744276923076923254e+02 3.498521739130434627e-01 3.004408695652174970e+02 2.529455714285714052e+01
1.936953488372092806e+02 3.565095000000000347e-01 3.001840000000000259e+02 3.443960000000000576e+01
1.749423809523809439e+02 3.565095000000000347e-01 3.002160000000000650e+02 1.666543000000000063e+01
1.589566666666666492e+02 3.565095000000000347e-01 3.002160000000000650e+02 4.064551851851851438e+01
1.741014285714285563e+02 3.565095000000000347e-01 3.002160000000000650e+02 3.477708333333332291e+01
1.729020000000000152e+02 3.565095000000000347e-01 3.005611764705882365e+02 6.083356097560974263e+01
1.732015000000000100e+02 3.565095000000000347e-01 3.000730000000000359e+02 3.256234615384615694e+01
1.727450000000000045e+02 3.565095000000000347e-01 3.000500000000000114e+02 2.844610000000000127e+01
1.565670000000000073e+02 3.565095000000000347e-01 2.996562499999999432e+02 2.309740000000000393e+01
1.238692250000000143e+02 3.565095000000000347e-01 2.984813333333333389e+02 1.493684482758620469e+01
1.434627272727272498e+02 3.565095000000000347e-01 3.000265000000000555e+02 6.662062595238095852e+00
1.559823076923076997e+02 3.565095000000000347e-01 3.001525000000000318e+02 1.908133000000000123e+01
1.650205000000000268e+02 3.565095000000000347e-01 3.002827272727272998e+02 4.597235555555555209e+01
1.656655000000000371e+02 3.565095000000000347e-01 3.017028999999999996e+02 2.921490714285713963e+01
1.643925000000000409e+02 3.565095000000000347e-01 3.004751724137931319e+02 4.338821875000000716e+01
1.651275000000000546e+02 3.565095000000000347e-01 3.008846428571428646e+02 2.846796571428571454e+01
1.886464999999999748e+02 3.565095000000000347e-01 3.023182142857141912e+02 5.028356410256409248e+01
1.952340624999999932e+02 3.565095000000000347e-01 3.010699999999999932e+02 2.763633809523810214e+01
1.729770370370370358e+02 3.565095000000000347e-01 3.001533333333333644e+02 3.061039999999999850e+01
1.665245161290322642e+02 3.565095000000000347e-01 3.000918181818182120e+02 3.673637037037037345e+01
1.485661764705882604e+02 3.565095000000000347e-01 2.997814285714286484e+02 2.173725000000000307e+01
1.242384062500000113e+02 3.565095000000000347e-01 2.984129999999999541e+02 2.216671428571428493e+01
1.458518367346938760e+02 3.565095000000000347e-01 2.995905405405406441e+02 1.322185212765957729e+01
1.653373913043478467e+02 3.565095000000000347e-01 3.001737500000000409e+02 1.944480869565217063e+01
1.888685714285714425e+02 3.565095000000000347e-01 3.007274193548386734e+02 3.479223809523808342e+01
1.671242857142857190e+02 3.565095000000000347e-01 3.025926605504587314e+02 2.683367999999999398e+01
1.654213636363636510e+02 3.571990000000000443e-01 3.008478378378378579e+02 6.111254166666667231e+01
1.610236363636363706e+02 3.527954166666665836e-01 3.001320833333333553e+02 3.942424000000000461e+01
1.615462499999999864e+02 3.814526966292134391e-01 2.999045000000000414e+02 3.116960000000000264e+01
1.704530000000000314e+02 4.082876551724137770e-01 2.999039999999999964e+02 5.195624000000000109e+01
1.647155000000000200e+02 3.625530000000000697e-01 2.999145000000000323e+02 3.494963636363635828e+01
1.652065000000000055e+02 3.727416279069767358e-01 2.999110000000000014e+02 1.989845862068965587e+01
1.464095454545454800e+02 3.529820000000000180e-01 2.994218181818182529e+02 2.521291666666666487e+01
1.248640000000000043e+02 3.568050000000000388e-01 2.983322727272727661e+02 1.069735272580645180e+01
1.428168181818181779e+02 3.568050000000000388e-01 2.998345000000000482e+02 2.424776190476190507e+01
1.575854166666666174e+02 3.568050000000000388e-01 2.998770000000000095e+02 1.944440583333333450e+01
1.805045454545454788e+02 3.568050000000000388e-01 3.006176470588235929e+02 2.188543999999999556e+01
1.920597619047619276e+02 3.568050000000000388e-01 3.020666129032257459e+02 4.151767999999999148e+01
1.760726086956521783e+02 3.568050000000000388e-01 3.007044827586207134e+02 3.328927272727273134e+01
1.692372727272727104e+02 3.568050000000000388e-01 3.001949999999999932e+02 3.169995000000000118e+01
1.699294999999999902e+02 3.568394999999999762e-01 3.002059999999999604e+02 6.659006521739129880e+01
1.699294999999999902e+02 3.564709999999999823e-01 3.001804999999999382e+02 3.567673030303030401e+01
1.743308695652173697e+02 3.718502380952380393e-01 2.995720000000000596e+02 4.152213888888888960e+01
1.501021739130434582e+02 3.545670000000000210e-01 2.995595000000000141e+02 2.480625000000000213e+01
1.474144444444443991e+02 3.556980000000000697e-01 2.993335999999999899e+02 2.123441578947368313e+01
1.301810999999999865e+02 3.556980000000000697e-01 2.983893548387097212e+02 2.702550000000000097e+01
1.441444444444443889e+02 3.556980000000000697e-01 2.996732000000000085e+02 9.751771509803923266e+00
1.548057142857143162e+02 3.556980000000000697e-01 3.007710000000000150e+02 2.060248387096774536e+01
1.785752173913043350e+02 3.556980000000000697e-01 3.027585714285714289e+02 3.317645000000000266e+01
1.896669444444443968e+02 3.556980000000000697e-01 3.013610638297872697e+02 2.862590476190475641e+01
1.727380000000000280e+02 3.556980000000000697e-01 3.001002439024391037e+02 3.001844999999999786e+01
1.687142857142857508e+02 3.556980000000000697e-01 3.004630000000000791e+02 3.159004761904761693e+01
1.767830000000000155e+02 3.556980000000000697e-01 3.004620000000000459e+02 5.678970000000000340e+01
1.766140000000000327e+02 3.556980000000000697e-01 3.007619230769230398e+02 2.892390555555555665e+01
1.920428947368420438e+02 3.553160000000000207e-01 3.003865000000000123e+02 4.703308571428571128e+01
1.816159090909090708e+02 3.558650000000000424e-01 3.004090000000000487e+02 1.836966451612903128e+01
1.493970000000000198e+02 3.472946428571428434e-01 3.004090000000000487e+02 6.877601459459459221e+00
1.272056666666666445e+02 3.210235074626865415e-01 2.995553571428571900e+02 1.733380000000000010e+01
1.422933333333333223e+02 2.875031610942249127e-01 3.002204166666666652e+02 1.908403809523809613e+01
1.581695238095238096e+02 3.362221874999999915e-01 3.018798630136986390e+02 9.609075482758619557e+00
1.627123809523809825e+02 3.587143999999999888e-01 3.003428571428571558e+02 4.687780555555555395e+01
1.828788235294117897e+02 3.737269696969696686e-01 3.004130000000000109e+02 3.385813793103447722e+01
1.600886956521739535e+02 4.233079256965944226e-01 3.000340740740740557e+02 2.623656999999999684e+01
1.658055000000000518e+02 3.818882142857142337e-01 3.005434374999999818e+02 4.705292592592592626e+01
1.572233333333333576e+02 3.847405263157895328e-01 3.002355000000000587e+02 3.820348275862069443e+01
1.612610000000000241e+02 3.998647524752475535e-01 3.002379999999999995e+02 6.951335714285713152e+01
1.612610000000000241e+02 3.799854999999999761e-01 3.002495000000000118e+02 3.342142580645161587e+01
1.637728571428571342e+02 3.799854999999999761e-01 3.003059090909091537e+02 1.720969599999999744e+01
1.575200000000000102e+02 3.790376190476189566e-01 2.997812903225806167e+02 1.679322608695651908e+01
1.300923421052631568e+02 3.144424107142857472e-01 2.974326356589147622e+02 9.667652657142856043e+00
1.465185000000000173e+02 3.549016666666666708e-01 2.993375000000000341e+02 3.651976923076923498e+01
1.620592000000000326e+02 3.640634615384615858e-01 3.009571428571428555e+02 1.432914315789473569e+01
