1.628650082089552029e+02 1.583938697443995069e-01 2.978003166704370983e+02 2.145003716826484563e+01
1.195366716524214894e+02 4.026318611992764085e-01 3.025908698901429261e+02 6.997367432974030521e+00
1.962212428355960867e+02 2.110463635544599925e-01 2.900908716194202270e+02 3.593751920614595718e+01
1.678179421915446028e+02 2.649184444444442343e-01 2.955283574198091969e+02 7.756471986073056435e+00
1.664579650655019805e+02 3.473332478563336823e-01 2.940276129737607675e+02 1.718694137547648637e+01
1.456795256117454471e+02 3.061208657432078484e-01 2.986634166480698696e+02 1.095681006430866233e+01
1.614673213521608091e+02 3.225637862922428045e-01 3.039256241911837151e+02 1.215500336832893424e+01
1.812094001999331851e+02 3.121122079002082161e-01 2.978710940213344998e+02 1.194213853903506539e+01
9.557710680851064922e+01 3.134264721141375443e-01 2.932632988357057684e+02 1.184294751269700363e+01
7.463831428977294991e+01 3.130447721297108798e-01 2.855987746265423652e+02 1.301873620546808041e+01
1.063601117957745998e+02 3.132896071584461706e-01 2.935377958164223173e+02 4.155511014038708595e+00
1.154981723834651746e+02 3.112231920684295772e-01 2.981879583434251231e+02 1.318964677581573142e+01
1.153673780809858300e+02 3.163997680228414211e-01 3.046981701295076164e+02 1.096318737200202520e+01
1.157065353846153357e+02 3.006458508771935878e-01 2.999368400252925539e+02 2.842990729442977482e+01
1.363022289685443127e+02 3.316236095900543246e-01 2.959640288863553792e+02 5.906160540576615325e+00
1.238323812328230105e+02 2.881394150652263342e-01 2.947049034240562833e+02 1.811819744499748808e+01
1.764059739941115765e+02 3.241550208188755389e-01 2.947268485915495262e+02 5.468197266588370553e+01
2.102848438159557247e+02 3.761614253073986003e-01 2.947301496478875151e+02 1.859525726932986700e+01
1.780228016555236366e+02 4.391782803308040828e-01 2.947381535087720863e+02 6.229970599919914420e+00
1.483966175989534975e+02 3.207772583875820871e-01 2.947330985915494921e+02 2.991611851851854098e+01
1.089923193473193379e+02 3.374184433783613546e-01 2.939927536842101858e+02 9.120701821180025703e+00
6.894498646278397302e+01 3.155444265377386204e-01 2.889547700969649213e+02 1.215824812357788431e+01
9.716250746905666347e+01 3.068458399184300633e-01 2.937134056224900860e+02 1.514652273072966970e+01
1.187089018010293557e+02 3.530139820936636363e-01 2.951260476190481086e+02 3.618246820868606939e+00
1.393811050794882931e+02 2.855294365152917790e-01 2.984770839656045496e+02 9.089899868893015267e+00
1.666583197199533970e+02 3.116178080097828929e-01 3.035256133531497085e+02 2.317799003168206085e+01
1.794827165354329281e+02 3.031944801352497443e-01 2.979283779931582217e+02 1.532865294563224445e+01
1.793407155399470980e+02 3.041718444055945270e-01 2.948664703389827650e+02 4.163351276719780003e+01
1.863477283950618926e+02 3.039268103827542089e-01 2.945071591407276514e+02 1.011886611241494016e+01
2.113562709098327730e+02 3.040114920774649732e-01 2.945185300570423692e+02 1.979598471421027384e+01
1.769360614192009677e+02 3.039974867957748184e-01 2.944958890845069277e+02 4.312595046164925172e+00
1.453998139833227583e+02 3.039903257042255169e-01 2.944660258620683635e+02 8.037687437903235477e+00
1.084075824575587461e+02 3.039779753521127947e-01 2.917285156030358166e+02 6.812531067567571874e+00
6.933659955442401213e+01 3.039775176056338513e-01 2.808836175538976363e+02 7.527392521516837576e+00
1.014179239669421975e+02 3.039842561619719996e-01 2.922235457809692321e+02 2.273257243462849075e+00
1.280734390739234811e+02 3.039805457746480033e-01 2.964227757793763658e+02 7.241278630917472370e+00
1.559703404592236495e+02 3.039575660211268349e-01 3.019217958130762440e+02 6.358386043920285502e+00
1.729204099433058275e+02 3.041421741032372394e-01 2.967865554496351592e+02 1.108675564135758762e+01
1.731501747487986336e+02 3.018986871834833385e-01 2.947641779921091256e+02 6.515362645123264684e+00
1.724946582498912164e+02 3.095068227424752072e-01 2.947371875000005730e+02 3.038386066649712447e+01
1.847868793774313758e+02 2.934141310160432448e-01 2.947332306338033732e+02 1.943382743098732490e+01
2.110375834499300822e+02 2.496288842693140109e-01 2.947270021978027899e+02 5.358761340150700647e+01
1.758794513162069677e+02 2.941011730720929362e-01 2.947477729257647070e+02 1.518472531134432835e+01
1.447730622458555558e+02 3.154889342350749581e-01 2.946910362920862099e+02 2.566911616351253045e+01
1.078816877249103214e+02 2.980011707492801754e-01 2.935608580723871341e+02 6.357782357165023157e+00
7.000270433673476589e+01 3.026895398380916036e-01 2.880095934506567232e+02 6.926607470095245134e+00
1.017757677419355105e+02 3.018674824253075872e-01 2.935943286420691720e+02 2.791899812844631068e+00
1.317487795632465861e+02 3.019341901408451601e-01 2.966220880211773192e+02 1.041966110814169433e+01
1.572818189550421835e+02 3.019221126760565088e-01 3.023069185768858347e+02 4.421997260609517255e+00
1.702389565217390270e+02 3.019017561619720125e-01 2.973672071282499587e+02 6.413562869148544898e+00
1.697559868708971180e+02 3.018978829225353322e-01 2.949546669550172737e+02 1.742912457800051129e+01
1.698724725516029821e+02 3.019061179577466336e-01 2.948847778266610362e+02 3.716656876923079977e+01
1.860266618756738524e+02 3.019061179577466336e-01 2.948764260563381754e+02 6.734536498103440572e+00
2.115939929536110924e+02 3.019061179577466336e-01 2.948765360915494398e+02 1.802956951754388371e+01
1.768099204406362333e+02 3.019061179577466336e-01 2.948810294764630839e+02 1.153597477890231460e+01
1.423569504273505402e+02 3.019061179577466336e-01 2.948799648042238459e+02 1.331485433376457372e+01
1.059887047580316448e+02 3.019061179577466336e-01 2.941131345125463099e+02 1.295581247912090639e+01
6.863666203295436219e+01 3.019061179577466336e-01 2.893241586390649331e+02 1.300968243838030780e+01
9.881592249047014320e+01 3.019061179577466336e-01 2.940834319033729685e+02 1.300886694542256272e+01
1.199059887979318404e+02 3.019061179577466336e-01 2.950695365646243431e+02 1.300221597711270327e+01
1.434408991701242826e+02 3.019061179577466336e-01 2.972834875207980758e+02 1.300549898767608425e+01
1.638924670131946471e+02 3.019016813380283049e-01 3.026798700649677585e+02 1.300478551936622473e+01
1.755065727902947117e+02 3.018974427816902839e-01 2.975784279835385746e+02 1.300478551936622473e+01
1.746157949609036848e+02 3.019162676056339478e-01 2.945045207803216272e+02 1.300478551936622473e+01
1.837043646864685797e+02 3.019100616197183951e-01 2.942571622807016638e+02 1.300478551936622473e+01
2.115453973043649682e+02 3.018945642605634916e-01 2.942927816901406004e+02 1.300478551936622473e+01
1.784066704610132490e+02 3.018951892605635234e-01 2.943102366345307814e+02 1.300478551936622473e+01
1.440167283515073677e+02 3.020132003507235430e-01 2.942864643799470059e+02 1.300478551936622473e+01
1.069788998003990912e+02 3.019871667399913751e-01 2.937336654056321095e+02 1.300478551936622473e+01
6.894357895442364281e+01 3.005033209723942944e-01 2.890417378497793948e+02 1.300478551936622473e+01
9.969722071307297995e+01 3.052141372625050697e-01 2.940116244725739421e+02 1.300478551936622473e+01
1.222175510718789155e+02 3.024341698676915047e-01 2.945407482394369936e+02 1.300478551936622473e+01
1.520161420500402301e+02 2.811872663948354334e-01 2.945442385563384278e+02 1.300478551936622473e+01
1.639150491663102116e+02 3.269907899571338206e-01 2.945312103873243359e+02 1.300478551936622473e+01
1.632364145168341736e+02 2.955402468392537285e-01 2.945297447183102122e+02 1.300478551936622473e+01
1.796995130004129635e+02 3.015525138999212151e-01 2.945297447183102122e+02 1.300478551936622473e+01
1.869873754019293983e+02 3.047685310344833698e-01 2.945297447183102122e+02 1.300478551936622473e+01
2.112518410622276690e+02 2.690874079014881626e-01 2.945295774647890994e+02 1.300478551936622473e+01
1.766186359330597497e+02 2.312272773105650825e-01 2.945298987676060278e+02 1.300478551936622473e+01
1.485636628904910310e+02 1.909444769173840595e-01 2.945270950704229449e+02 1.300478551936622473e+01
1.118590721687641434e+02 2.418604684830069074e-01 2.945135123239440418e+02 1.300478551936622473e+01
7.103830787369305710e+01 3.123613024986711673e-01 2.944255026223780760e+02 1.300478551936622473e+01
1.045708141770122381e+02 2.950944922773581780e-01 2.946764006938428793e+02 1.300478551936622473e+01
1.312041708199356833e+02 3.028379284833538909e-01 2.976865212332749024e+02 1.300478551936622473e+01
1.615560059281214933e+02 3.010257271171942750e-01 3.034933922908026602e+02 1.300478551936622473e+01
1.786082722513087617e+02 3.018657871972318385e-01 2.983533801737352746e+02 1.300478551936622473e+01
1.782038623410784055e+02 2.724321298121139545e-01 2.949708333333327914e+02 1.300478551936622473e+01
1.778047879317883826e+02 3.120980615384618129e-01 2.945966197183095687e+02 1.300478551936622473e+01
1.867810757281552583e+02 2.997323180291157629e-01 2.946163072183096574e+02 1.300478551936622473e+01
2.123969440600907319e+02 3.040522913964545104e-01 2.946170466549294247e+02 1.300478551936622473e+01
1.802126240900063294e+02 3.034244615384612542e-01 2.946161944566650845e+02 1.300478551936622473e+01
1.494040632519765381e+02 3.033996654929575487e-01 2.945991597008357417e+02 1.300491448063383082e+01
1.119709943365696319e+02 3.034166285211264968e-01 2.941718419940848435e+02 1.299192064260566326e+01
6.967546178861793749e+01 3.034261135563378065e-01 2.895311138613857338e+02 1.305740109841830687e+01
1.011983902034039602e+02 3.034210123239434731e-01 2.941416811279826220e+02 1.251634267779206766e+01
1.264114891259745548e+02 3.034210123239434731e-01 2.979118685314684285e+02 1.498104420731705844e+01
1.548458861788620595e+02 3.034210123239434731e-01 3.036930960099746244e+02 4.992032458704375841e+00
1.713561291720849340e+02 3.034210123239434731e-01 2.984377018943170583e+02 1.253599198288910266e+01
1.733225108790251738e+02 3.034210123239434731e-01 2.949990306122444963e+02 2.777065383665909337e+01
1.856449156531978986e+02 3.034210123239434731e-01 2.947142102947644844e+02 5.635427982126429036e+00
2.127738445681301585e+02 3.034210123239434731e-01 2.947309701492533804e+02 1.889724103916049458e+01
1.840676306620213438e+02 3.034210123239434731e-01 2.947294410211264903e+02 4.645609768283851082e+01
1.607588530597286081e+02 3.034210123239434731e-01 2.947285035211264699e+02 2.030626771711319023e+01
1.389975074074076531e+02 3.034210123239434731e-01 2.947163879159368207e+02 7.917386688088823732e+00
9.984678925956043827e+01 3.034210123239434731e-01 2.941701270648025570e+02 3.521558645749667260e+00
6.938716106780061921e+01 3.034210123239434731e-01 2.896586898734173587e+02 1.397433446053583950e+01
1.006446203054065052e+02 3.034210123239434731e-01 2.946370998185120698e+02 1.056070905420400763e+01
1.284918143086814837e+02 3.034210123239434731e-01 2.977557817969662892e+02 1.123003892841457230e+01
1.586045664739881431e+02 3.034210123239434731e-01 3.035846005610437146e+02 1.114990285211266574e+01
1.737780688753270795e+02 3.034210123239434731e-01 2.983241025641025885e+02 1.115330288292252803e+01
1.757299034664325177e+02 3.034210123239434731e-01 2.953564059900162988e+02 1.088059830353248003e+01
1.755513026315788920e+02 3.034210123239434731e-01 2.948823989455184460e+02 1.252510331537502708e+01
1.843461172161170509e+02 3.034210123239434731e-01 2.948913116197183513e+02 7.288556854842756394e+00
2.108928822197051147e+02 3.034210123239434731e-01 2.948913688380281997e+02 2.958331266898416700e+01
1.761147898912726646e+02 3.034210123239434731e-01 2.948941124780316159e+02 1.366147698428528123e+01
1.453363480825959471e+02 3.034210123239434731e-01 2.948731602112676455e+02 4.168551108595618615e+00
1.064762329905063609e+02 3.034210123239434731e-01 2.940991202346043565e+02 1.083872446738232043e+01
6.842624288874139893e+01 3.034210123239434731e-01 2.891583753723936638e+02 9.440852718550090117e+00
1.003353953488369683e+02 3.034210123239434731e-01 2.940884618523052723e+02 9.854986355652165742e+00
1.286765048426150031e+02 3.034210123239434731e-01 2.954028334025761069e+02 9.397199134672922227e+00
1.548090474323794581e+02 3.034210123239434731e-01 2.985538929511550919e+02 1.157559469874804492e+01
1.703873345024114485e+02 3.034210123239434731e-01 3.040768526196754920e+02 4.855131680760361945e+00
1.708941052631580817e+02 3.034210123239434731e-01 2.987748107852414137e+02 1.983459455767835777e+01
1.692307218600611236e+02 3.034210123239434731e-01 2.957727991886412156e+02 3.984343158436219312e+01
1.842900267481851131e+02 3.034210123239434731e-01 2.950059639084506671e+02 7.045903011918953851e+00
2.115256556903522949e+02 3.034210123239434731e-01 2.950184374999999477e+02 1.476960414655841802e+01
1.775772102161097621e+02 3.034210123239434731e-01 2.950185255281690502e+02 1.116449313798814202e+01
1.462385312394463881e+02 3.034210123239434731e-01 2.949931117957746096e+02 2.015726558084145026e+01
1.077728575734740701e+02 3.034210123239434731e-01 2.944213678844516267e+02 3.596183362159243835e+00
6.865839320273767044e+01 3.034210123239434731e-01 2.898917751987965516e+02 1.032156511111111286e+01
9.513836917098456070e+01 3.034210123239434731e-01 2.947521868512106948e+02 8.949787586133561845e+00
1.180968735194588390e+02 3.034210123239434731e-01 2.981276775320138768e+02 9.039007254474027420e+00
1.395587725587143098e+02 3.034210123239434731e-01 3.040953272608985571e+02 1.030998381803143538e+01
1.579943690476188181e+02 3.034210123239434731e-01 2.990994262112073443e+02 5.618025011999987939e+00
1.783556920488012167e+02 3.034210123239434731e-01 2.955506432281263187e+02 2.476111896051567740e+01
1.802884889274859859e+02 3.034210123239434731e-01 2.947877582417581266e+02 6.841648420533071828e+01
1.863542103092784430e+02 3.034210123239434731e-01 2.947980501760562220e+02 2.435636154935446740e+01
2.113603324261277123e+02 3.034210123239434731e-01 2.948015977112675046e+02 6.617875346441205231e+00
1.759580946489327857e+02 3.034210123239434731e-01 2.947983538732393072e+02 7.258556378660244057e+00
1.440200625434330561e+02 3.034210123239434731e-01 2.947936307692307309e+02 3.648197359608106094e+00
1.069870145572179183e+02 3.034210123239434731e-01 2.940982370062371842e+02 1.262261217812313774e+01
6.901440159468451441e+01 3.034210123239434731e-01 2.895141821358374159e+02 6.917181652178271634e+00
9.928628020347612448e+01 3.034210123239434731e-01 2.942926929601354118e+02 2.829392072395520596e+00
1.206846370033111810e+02 3.034210123239434731e-01 2.948752596830987613e+02 6.708898714225408177e+00
1.524622134102381494e+02 3.034210123239434731e-01 2.948883670774649204e+02 5.676255482243734107e+00
1.723826074259488905e+02 3.034210123239434731e-01 2.948871566901410119e+02 8.524368853152134662e+00
1.760948535198949969e+02 3.034210123239434731e-01 2.948880413732396164e+02 2.662351541430022550e+01
1.759242932396838626e+02 3.034210123239434731e-01 2.948663644366200174e+02 1.744590471513946284e+01
1.853821598101269217e+02 3.034210123239434731e-01 2.948248490153172270e+02 4.287548150779112177e+01
2.089914678350926920e+02 3.034210123239434731e-01 2.969884047217537955e+02 1.880994360853010150e+01
1.771409090909094175e+02 3.034210123239434731e-01 3.021223257321947244e+02 3.807209029131349176e+00
1.451130559210529896e+02 3.034210123239434731e-01 2.973579496090355860e+02 1.117186320921304166e+01
1.048693985932004864e+02 3.034210123239434731e-01 2.943727044900805367e+02 8.213126163431695659e+00
6.792006787893008379e+01 3.034210123239434731e-01 2.894009763198756104e+02 9.380364141856405880e+00
9.661133634496908940e+01 3.034210123239434731e-01 2.942104022988507950e+02 9.221998050065893793e+00
1.281103682842288549e+02 3.034210123239434731e-01 2.954134409937888677e+02 9.253206448063396650e+00
1.384138502943653179e+02 3.034210123239434731e-01 2.982522039785283141e+02 9.262457174295789741e+00
1.606436315789475486e+02 3.034210123239434731e-01 3.040468836613482040e+02 9.249270686619732729e+00
1.702388065843624361e+02 3.034210123239434731e-01 2.990466550034990405e+02 9.258344478662577259e+00
1.851512285387258316e+02 3.034191065140843246e-01 2.959360337892193797e+02 9.250827816901423972e+00
2.122966560888532968e+02 3.034220334507040095e-01 2.952655501760556263e+02 9.252584419014100447e+00
1.813192092502797834e+02 3.034180809859152728e-01 2.952670202464781255e+02 9.253539172535228730e+00
1.610508764367815786e+02 3.033851848591547218e-01 2.952725109745383065e+02 9.253316241197198977e+00
1.329362314375986784e+02 3.038647466435683286e-01 2.952339956043949201e+02 9.263623943661986715e+00
1.013281067344345558e+02 3.006593362480132203e-01 2.944982083333325704e+02 9.246997931338043486e+00
6.850862062530300989e+01 3.023174727193363998e-01 2.898933252906339817e+02 9.251193882042272776e+00
9.672962679425806698e+01 3.139626559714799314e-01 2.943261914460273942e+02 9.277379850417968754e+00
1.103559334198010617e+02 2.966615719360572445e-01 2.954980109335569978e+02 8.979034722270379021e+00
1.401826777251185092e+02 2.606119806667987482e-01 2.986748327250602415e+02 1.028270441717792849e+01
1.641905612037411402e+02 3.007287162412139447e-01 3.042328331936291193e+02 4.144797020789638076e+00
1.764564754454582385e+02 3.037904757998358685e-01 2.992029681827886520e+02 1.684486376121251894e+01
1.760233972961183042e+02 3.181901081916539975e-01 2.960680220678381716e+02 1.126377595617265825e+01
1.870733307543519004e+02 2.998249944175664927e-01 2.955479929577464304e+02 3.765340955276575841e+01
2.119298688592841700e+02 3.044695755517826674e-01 2.955500396126761302e+02 1.930860080054106831e+01
1.781735534686461051e+02 3.035760563380276444e-01 2.955534815140845808e+02 7.236712443223452418e+00
1.463581540880503837e+02 3.036342297535207790e-01 2.955269410211267314e+02 2.766131286166202852e+00
1.089956013815519640e+02 3.036214656690137126e-01 2.945041680064310299e+02 7.239496558976264318e+00
6.866269336471637530e+01 3.036263468309855496e-01 2.898331892123287048e+02 1.288708609408601546e+01
9.746175374732338526e+01 3.036249603873235614e-01 2.951311123188402235e+02 8.665253003806611787e+00
1.219230684575388750e+02 3.036249603873235614e-01 2.984663157894738674e+02 4.771134248807802791e+00
1.375002766969304560e+02 3.036249603873235614e-01 3.046669440031764680e+02 2.920146284060553654e+01
1.402995663600528076e+02 3.036249603873235614e-01 2.996018039373232682e+02 1.540331462967325038e+01
1.592245296167248227e+02 3.036249603873235614e-01 2.961673942537904622e+02 2.091036117553374041e+01
1.793108229626657248e+02 3.036249603873235614e-01 2.954350264084501987e+02 4.409059392567895230e+01
1.884231490196080472e+02 3.036249603873235614e-01 2.954432174295769755e+02 2.113241020854146157e+01
2.106981986234021349e+02 3.036249603873235614e-01 2.954428124999995475e+02 7.316472683513426389e+00
1.761853577464787861e+02 3.036249603873235614e-01 2.954479577464784370e+02 3.044008011984630446e+00
1.402208708461802189e+02 3.036249603873235614e-01 2.954277738671355564e+02 1.071827543509905922e+01
1.024147690387017633e+02 3.036249603873235614e-01 2.947711233573545542e+02 8.791032160289127262e+00
6.819675140958057113e+01 3.036249603873235614e-01 2.904488428047661159e+02 9.305278739665796550e+00
1.006846402724564058e+02 3.036249603873235614e-01 2.946858712273636911e+02 9.241979869393146529e+00
1.248858700218818569e+02 3.036249603873235614e-01 2.962024059293047458e+02 9.334573327631586537e+00
1.399736326530610597e+02 3.036249603873235614e-01 2.994333268149594574e+02 8.883954432874364926e+00
1.657085846030473988e+02 3.036249603873235614e-01 3.042360690711921052e+02 1.159450806059490091e+01
1.786670513383066918e+02 3.036249603873235614e-01 2.987361007957553056e+02 4.652215849110033830e+00
1.780616542343136359e+02 3.036249603873235614e-01 2.958704491017962823e+02 2.183972159851301598e+01
1.866505951895640294e+02 3.036249603873235614e-01 2.956263141728828714e+02 1.376908161953263487e+01
2.117275330049257889e+02 3.036249603873235614e-01 2.956439084507043731e+02 3.782758723741575579e+01
1.761913623094384604e+02 3.036249603873235614e-01 2.956600921861282814e+02 1.698212346646267434e+01
1.470940339251744433e+02 3.036249603873235614e-01 2.956516285211268951e+02 3.512973169658741845e+00
1.080398898973955397e+02 3.036249603873235614e-01 2.948131132844332569e+02 1.155694536983323673e+01
6.961987019607856553e+01 3.036249603873235614e-01 2.902598672272625322e+02 8.284341178599232691e+00
9.987007941929981314e+01 3.036249603873235614e-01 2.950598204419887338e+02 9.379008862278061187e+00
1.226709553235911017e+02 3.036249603873235614e-01 2.985354375556220248e+02 8.803791494238167203e+00
1.510758043561331476e+02 3.036249603873235614e-01 3.044352992052351397e+02 1.095247735277668433e+01
1.728804697712417067e+02 3.036249603873235614e-01 2.995934532972747206e+02 4.377432713820830656e+00
1.772504161191413914e+02 3.036249603873235614e-01 2.963373780945240128e+02 2.367252593285772022e+01
1.767816263736262101e+02 3.036249603873235614e-01 2.951401221640492167e+02 5.669955243434637282e+01
1.850709565563967942e+02 3.036249603873235614e-01 2.952000000000006139e+02 2.435870334002484938e+01
2.117401286307055557e+02 3.036249603873235614e-01 2.952069190140852015e+02 8.670483788376058598e+00
1.797392373632869749e+02 3.036249603873235614e-01 2.952128671943718814e+02 3.214337377594789213e+00
1.510511692726038575e+02 3.036249603873235614e-01 2.952058274647893654e+02 1.231961179025423547e+01
1.094525753373313535e+02 3.036249603873235614e-01 2.947151394090722647e+02 8.860561794299879779e+00
6.918891291190321624e+01 3.036249603873235614e-01 2.902326093785054582e+02 9.617112439120880651e+00
9.976952885796140436e+01 3.036249603873235614e-01 2.949850782550782924e+02 9.584899225692918634e+00
1.298821456900037674e+02 3.036249603873235614e-01 2.985695056421275808e+02 9.372408514622438958e+00
1.575727290076336544e+02 3.036249603873235614e-01 3.042997036582875126e+02 1.056553071768139240e+01
1.739693520140108092e+02 3.036249603873235614e-01 2.993540815890645490e+02 4.887147363193721006e+00
1.743409803063461254e+02 3.036249603873235614e-01 2.955486594079614520e+02 1.801282139370288249e+01
1.730709392747927780e+02 3.036249603873235614e-01 2.904072777777782335e+02 3.585980737455556522e+01
1.893413877077697407e+02 3.036249603873235614e-01 2.952617118644067205e+02 1.390539730098617710e+01
2.119561320754717997e+02 3.036249603873235614e-01 2.985411684149185021e+02 1.086210334739176986e+01
1.817146423927177921e+02 3.036249603873235614e-01 3.041830420054202477e+02 1.600963544503173352e+01
1.493291719532554680e+02 3.036249603873235614e-01 2.993915206648692333e+02 4.206536110223248137e+00
1.124181103081016317e+02 3.036249603873235614e-01 2.957483964438597468e+02 1.405911937394247424e+01
7.033237092596593243e+01 3.036249603873235614e-01 2.908850200803220787e+02 1.300340926818581444e+01
1.028768474849092485e+02 3.036249603873235614e-01 2.950894727653636096e+02 1.324698323063381800e+01
1.314955680902498898e+02 3.036249603873235614e-01 2.982945130155013658e+02 1.323650770246480057e+01
1.603446928653190753e+02 3.036249603873235614e-01 3.039585840809753563e+02 1.320622338028170084e+01
1.745205562855896346e+02 3.036249603873235614e-01 2.991616321070235927e+02 1.343463240578441464e+01
1.746482595352921976e+02 3.036249603873235614e-01 2.958700280673609200e+02 1.191456435602094643e+01
1.743230655021840221e+02 3.036249603873235614e-01 2.953138903508768749e+02 2.148959720730397649e+01
1.857348613312209693e+02 3.036249603873235614e-01 2.953582218309855421e+02 8.981155206450292638e+00
2.120583819213459549e+02 3.036249603873235614e-01 2.953701144366194740e+02 4.392479536451739364e+01
1.757738220392652693e+02 3.036249603873235614e-01 2.953719938380278904e+02 1.664650596746814060e+01
1.441405548216645229e+02 3.036249603873235614e-01 2.953787346221436110e+02 6.680453193565016434e+00
1.069857397260274752e+02 3.036249603873235614e-01 2.944271514907330243e+02 2.704578666666669307e+01
6.963695554316306868e+01 3.036249603873235614e-01 2.896485032493905578e+02 1.203657818398836099e+01
9.951632073067153783e+01 3.036249603873235614e-01 2.945304458827761778e+02 3.083748082595166640e+00
1.238269491456466795e+02 3.036317077464785186e-01 2.979806062424972311e+02 8.265895077624225706e+00
1.549013788819875685e+02 3.036248283450700414e-01 3.033606022727267373e+02 1.968514591177995143e+01
1.632069018404908149e+02 3.033519259259254142e-01 2.981269645776567927e+02 3.784523965447969118e+01
1.630694371152154361e+02 3.058061510646847836e-01 2.951686770921382390e+02 6.697780480045464557e+00
1.641526831382747957e+02 2.951522063037255728e-01 2.948499867957744982e+02 2.107287026212495107e+01
1.847399964639319023e+02 3.029216355140186279e-01 2.948542033450703457e+02 7.169777990559666137e+01
2.129466475927388558e+02 3.044273934934165204e-01 2.948545686619717685e+02 2.500010623757518502e+01
1.804030771778734845e+02 3.423043453385858359e-01 2.948554841549295702e+02 8.430989131691644545e+00
1.536951230425057986e+02 3.049975866006860992e-01 2.948420598591550288e+02 4.336513154312399365e+00
1.152347134629229117e+02 2.966890660822662507e-01 2.943309812889815476e+02 1.337296935321386293e+01
7.034508730559045375e+01 3.094581634782612722e-01 2.898268144989335156e+02 8.052975757390058220e+00
1.019102292387543258e+02 3.024500639386187295e-01 2.946816659510512864e+02 3.088445510270124483e+00
1.226079015151513403e+02 3.034519850352108139e-01 2.951112588028167352e+02 8.670010429289540355e+00
1.496341447651875853e+02 3.034970650263615899e-01 2.951334066901407027e+02 2.885475475519095312e+01
1.574065239948120905e+02 3.033748943661967457e-01 2.951299119718307225e+02 1.747064877344877587e+01
1.658825183075669543e+02 3.033688996478868249e-01 2.951289832746476804e+02 2.169626702176319810e+01
1.879284162399418392e+02 3.033637720070417876e-01 2.951288028169011568e+02 1.500103711722353772e+01
2.144093256508743366e+02 3.033888776408446564e-01 2.951288028169011568e+02 4.312126767018654760e+01
1.853966252285193264e+02 3.033847667253516400e-01 2.951288028169011568e+02 2.099835664217172848e+01
1.646757103257101562e+02 3.033875352112671564e-01 2.951288028169011568e+02 6.855634505677795865e+00
1.386354700690714594e+02 3.034012307692303123e-01 2.951311438627362804e+02 2.765005320394107624e+00
1.041682624693378045e+02 3.033680149647882129e-01 2.951181117957744391e+02 6.761870667734702245e+00
6.933168248747549001e+01 3.024855707567333796e-01 2.950179161205763307e+02 1.315166874267841557e+01
1.030998659877802766e+02 3.051709682804674140e-01 2.950248900615648608e+02 5.984957081031307524e+00
1.311003426150122664e+02 3.030510928961751005e-01 2.982194276583387023e+02 7.558568620417823958e+00
1.564611835548175520e+02 2.771256985352020807e-01 3.034897437665173925e+02 3.021263545028166408e+00
1.656029768659977890e+02 3.284109656352042772e-01 2.988328087557595723e+02 1.023300501719854694e+01
1.654473248686519185e+02 2.998365063991703661e-01 2.958460869565210487e+02 3.377207301715915833e+01
1.718115679590971467e+02 3.038694528753995150e-01 2.954435570175433554e+02 2.140997960500623520e+01
1.858530984876428818e+02 3.104382474565152705e-01 2.954673283450701433e+02 4.812125725646132679e+01
2.110479262497628099e+02 2.925189280165720329e-01 2.954697623239433710e+02 1.552622065792788852e+01
1.742133361678000938e+02 2.541507921892364186e-01 2.954722843309857012e+02 5.209643437148216094e+00
1.404219907043262197e+02 2.104071683863224240e-01 2.954857474791754157e+02 6.622032951023679281e+00
1.040598837015423044e+02 2.736912040504919652e-01 2.948945689296124897e+02 2.727216054150914282e+00
6.869261407057769020e+01 2.989475286710145951e-01 2.907055881645410977e+02 8.947512182305612072e+00
1.012408753507013586e+02 2.410683538204185794e-01 2.948337970401686903e+02 7.063311883263605040e+00
1.325417154308615295e+02 3.159201974983535943e-01 2.958739392678866125e+02 7.335895118055563380e+00
1.551269531249999716e+02 2.832847379658384734e-01 2.989819575070822566e+02 8.437838423868319282e+00
1.687051250000002938e+02 3.104790608974361543e-01 3.044330783915998495e+02 4.170585587955045526e+00
1.691283078935895787e+02 3.012768576242627616e-01 2.996450747543782995e+02 2.161976132015274743e+01
1.770723248818220839e+02 3.027770461538460411e-01 2.961330668841760598e+02 1.304652372759084145e+01
1.866975856636470041e+02 3.027408098591547470e-01 2.954020862676053980e+02 3.999270239471525201e+01
2.119736160884482388e+02 3.027044630281688353e-01 2.954159436867574868e+02 2.136881775702861574e+01
1.762856183057449186e+02 3.026762367957744893e-01 2.954240889084505284e+02 7.708899725704806194e+00
1.468218216123499644e+02 3.026744806338027005e-01 2.954321953365594595e+02 3.186572660500354814e+00
1.079407894736843332e+02 3.026745158450702688e-01 2.946635226337448898e+02 1.113419402002309333e+01
6.934694866903279831e+01 3.026754885563379127e-01 2.904195431818183692e+02 8.872198537526211126e+00
9.913995801526696994e+01 3.026753609154927971e-01 2.950177071005912239e+02 9.539644238552117628e+00
1.254609767814253019e+02 3.026797139084505539e-01 2.984723665689146515e+02 9.472448971917517113e+00
1.545535892439596353e+02 3.026797139084505539e-01 3.044368423651397393e+02 8.689508123461852307e+00
1.727501258680551359e+02 3.026797139084505539e-01 2.997535845085244546e+02 1.246843854260869655e+01
1.726989154013012069e+02 3.026797139084505539e-01 2.962874475524473610e+02 4.731812381796213884e+00
1.755623352003445348e+02 3.026797139084505539e-01 2.952268282128952706e+02 2.256389754668887093e+01
1.871980147058825708e+02 3.026797139084505539e-01 2.953698680158384491e+02 5.034495089285707792e+01
2.121991592658382331e+02 3.026797139084505539e-01 2.953983054577469147e+02 1.845931254523598852e+01
1.754621047794115327e+02 3.026797139084505539e-01 2.954125886990804588e+02 2.645109438344588426e+01
1.429053140916808502e+02 3.026797139084505539e-01 2.953910475352115554e+02 8.256304648846946037e+00
1.056995488201791318e+02 3.026797139084505539e-01 2.950604619332764287e+02 2.852003632291070900e+00
6.965494105900810951e+01 3.026797139084505539e-01 2.906212970139055756e+02 9.177095674065844477e+00
1.012879417922948306e+02 3.026797139084505539e-01 2.945714514802629651e+02 5.499514814698313714e+00
1.277478288032454969e+02 3.026797139084505539e-01 2.957872293654084501e+02 1.645044744155431715e+01
1.533623472544468882e+02 3.026669630281688672e-01 2.987949595445010118e+02 1.155106201323409643e+01
1.727232345360828845e+02 3.026910915492956322e-01 3.043034088106709874e+02 1.272682333811735944e+01
1.747763461538465890e+02 3.026803697183097497e-01 2.995229122490413829e+02 9.330482879299161425e+00
1.745275570175443249e+02 3.026198770311812614e-01 2.963056488549620440e+02 3.251844683896248256e+01
1.862013030187240474e+02 3.030684228769495725e-01 2.955698856640286181e+02 9.710839264948436522e+00
2.115965689149557818e+02 2.994268235744354523e-01 2.955736575704228244e+02 1.462818347457627688e+01
1.780807228915660687e+02 3.078374756581320759e-01 2.955812450505942479e+02 4.172230133340768532e+00
1.440813321906069007e+02 3.021925327332241062e-01 2.955629300483943211e+02 1.082867314699791628e+01
1.080371880273202692e+02 2.705820384368993747e-01 2.949013218631980067e+02 9.639136369803052773e+00
6.929362972972977275e+01 3.026522438162542739e-01 2.905847185168440205e+02 9.848940312362506333e+00
9.837670444824630067e+01 3.213506873661672869e-01 2.950661099878689129e+02 9.822338551936610429e+00
1.220544424959219754e+02 3.026881999999999073e-01 2.968939769773489274e+02 9.514813864457815740e+00
1.474841141260970403e+02 2.944183379501388864e-01 3.008276035429144599e+02 1.106848676386035812e+01
1.627516703104502653e+02 3.058536043360434720e-01 3.051685844538588981e+02 4.642313725125652546e+00
1.626469588080628057e+02 3.023758904700301064e-01 2.991389617486343013e+02 2.055516151334496655e+01
1.721384889074922171e+02 3.030841483757679145e-01 2.957887084148725876e+02 4.363236846419334114e+01
1.868902889959245499e+02 3.029673503521123079e-01 2.950548097944902679e+02 1.586963391423109293e+01
2.115224777906528288e+02 3.029729093309855847e-01 2.951131236251645760e+02 2.554954416390371819e+01
1.714000119796347121e+02 3.029729093309855847e-01 2.951311432325882720e+02 7.271612084098943107e+00
1.403061732148956651e+02 3.029729093309855847e-01 2.951080545774644861e+02 2.773688577482095408e+00
1.025770589456206636e+02 3.029729093309855847e-01 2.945036528716214548e+02 6.654498563516660248e+00
6.851853483666496913e+01 3.029729093309855847e-01 2.901390615247437381e+02 1.163192156491454199e+01
9.898653160919546679e+01 3.029729093309855847e-01 2.948093916196609143e+02 3.718494131759199295e+00
1.247754049031235581e+02 3.029729093309855847e-01 2.962364884900509878e+02 6.328427348890580006e+00
1.549013218849837870e+02 3.029729093309855847e-01 2.990550915640944822e+02 5.271539807137132883e+00
1.692224066029538676e+02 3.029729093309855847e-01 3.044142796294321442e+02 1.018806503761970284e+01
1.690887085514832791e+02 3.029729093309855847e-01 2.997441881120476523e+02 2.794708331325302808e+01
1.806430866807609448e+02 3.029729093309855847e-01 2.963145113369818660e+02 6.763310958992573774e+01
1.879856044835872808e+02 3.029729093309855847e-01 2.950093514460998563e+02 1.254539932044730755e+01
2.120315046248715873e+02 3.029729093309855847e-01 2.950749735915492238e+02 3.324613445776403609e+01
1.763164566929135049e+02 3.029729093309855847e-01 2.950880386983288872e+02 9.261813755628050870e+00
1.441705389019872143e+02 3.029729093309855847e-01 2.950680897887324363e+02 3.803469360269985611e+00
1.084663148831488257e+02 3.029729093309855847e-01 2.944448096446701015e+02 1.446141267638885886e+01
6.957003356706614738e+01 3.029729093309855847e-01 2.897883675908226451e+02 6.961482732583445632e+00
9.900744974003471555e+01 3.029729093309855847e-01 2.945222632226313522e+02 2.822925158218076991e+00
1.220668724747474130e+02 3.029729093309855847e-01 2.955358123953089375e+02 7.833180018217040796e+00
1.469643603678928514e+02 3.029729093309855847e-01 2.980843503744712848e+02 7.154321785412660617e+00
1.606342679502604938e+02 3.029729093309855847e-01 3.035824078555467054e+02 2.888502995846317489e+01
1.794256102877068884e+02 3.029729093309855847e-01 2.986750227272726761e+02 1.873779948613053747e+01
1.786819752030782240e+02 3.029729093309855847e-01 2.954910996705102662e+02 4.631994193701167006e+01
1.853667573135558655e+02 3.029729093309855847e-01 2.950911882918297806e+02 1.977918109516125611e+01
2.118764729220399374e+02 3.029729093309855847e-01 2.951294676638796091e+02 6.357512890610831136e+00
1.792664718750000645e+02 3.029729093309855847e-01 2.951484833916075559e+02 8.682853022086822747e+00
1.499245808096908661e+02 3.029729093309855847e-01 2.951312582490094201e+02 3.087229680847338731e+00
1.103044133280445607e+02 3.029729093309855847e-01 2.945981653310832371e+02 1.197847153361494676e+01
6.928914100642381868e+01 3.029729093309855847e-01 2.902232919503400126e+02 8.651551340173925908e+00
9.979132299741607426e+01 3.029729093309855847e-01 2.947307312996238124e+02 2.375860380297822516e+01
1.230051177226027903e+02 3.029729093309855847e-01 2.956479966471075613e+02 4.563715436479280463e+00
1.407625852000001885e+02 3.029729093309855847e-01 2.986411598258706590e+02 8.694043465243902702e+00
1.635382513451190505e+02 3.029729093309855847e-01 3.045987376703976679e+02 1.808982882426777294e+01
1.824529930191974358e+02 3.029729093309855847e-01 3.001147149043667355e+02 4.314219822269799920e+01
1.819949891257070647e+02 3.029729093309855847e-01 2.962941728298945918e+02 1.533871344237725509e+01
1.867688387635756442e+02 3.029729093309855847e-01 2.954163014899210680e+02 2.653953651191718421e+01
2.108350669216064546e+02 3.029729093309855847e-01 2.954868133802817169e+02 7.361472554404731028e+00
1.741659073033709149e+02 3.029729093309855847e-01 2.955049779929576061e+02 3.013825635954118454e+00
1.386370305370307108e+02 3.029729093309855847e-01 2.955083098591548492e+02 6.191897400500619320e+00
1.040133441666669256e+02 3.029936311619715328e-01 2.951470760730979350e+02 5.458741613765175416e+00
6.905390028275203917e+01 3.029531910211264445e-01 2.910798712183149632e+02 9.231999859080387338e+00
9.927500672268928383e+01 3.029643617957743507e-01 2.953078836674339982e+02 2.254098189785776807e+00
1.290243421793325638e+02 3.027428934677769967e-01 2.987473608860073568e+02 5.265528508130086216e+00
1.544854924094982209e+02 3.042007357293866066e-01 3.042460656039802984e+02 4.163170953304316413e+00
1.729598386411888669e+02 3.035455843585234681e-01 2.994243880389429933e+02 1.234670065977920572e+01
1.751576217639314450e+02 2.975397669491527952e-01 2.958708833333334383e+02 3.364955343944814814e+01
1.746209899255364633e+02 3.019854015813565606e-01 2.952535871478874583e+02 2.149781327716662460e+01
1.862280542635654683e+02 3.345054701423060273e-01 2.952686971830988227e+02 6.182061033178111842e+01
2.119745450917799587e+02 3.045820885149966295e-01 2.952710255281691616e+02 2.256326875638454865e+01
1.788371122448977815e+02 3.009862038073913837e-01 2.952713732394367980e+02 4.815753051150574393e+00
1.510151283783784493e+02 2.824724115876605657e-01 2.952468617957748052e+02 1.850250702752825660e+01
1.113088954545455636e+02 3.155576520092578385e-01 2.942443824374225869e+02 1.061894997223484793e+01
7.011481134706129126e+01 2.569023681999582642e-01 2.893376060032048258e+02 3.763324519992956851e+01
1.028664236514521662e+02 2.930199197554447244e-01 2.950473156966488659e+02 8.699793743359387932e+00
1.281292557956776079e+02 2.306027503218225361e-01 2.988245511363635387e+02 2.424731848389477307e+01
1.588460666167664783e+02 1.619638047074255516e-01 3.047800543593360771e+02 1.116046310818119913e+01
1.762746379991225467e+02 2.171896512455515071e-01 2.999692005921544364e+02 1.481784065665079453e+01
1.764223320158107242e+02 2.546362813647491952e-01 2.963332791839824836e+02 5.170468779286219174e+00
1.756337160120850456e+02 2.848733675513271946e-01 2.952984903169016206e+02 2.463886626883810038e+01
1.854184508764780901e+02 3.103567856025038485e-01 2.952515627743636628e+02 5.275287365501939263e+01
2.126441051136362717e+02 3.471791355813405033e-01 2.952692781690143420e+02 2.703131440669963936e+01
1.819005927921858472e+02 4.196536315212284207e-01 2.952972239196859618e+02 1.016057368889120482e+01
1.513865669339914177e+02 3.813112690998869403e-01 2.950928034934501056e+02 3.013684028947548388e+00
1.132660430900619417e+02 3.396672908680946623e-01 2.926631019522777137e+02 9.093577831988783444e+00
7.063120139689598886e+01 3.177665413097139346e-01 2.842310056899976303e+02 1.540459559671845291e+01
1.014362895049504658e+02 2.773913813585770494e-01 2.936009459901797527e+02 4.263498474529161086e+00
1.661976054410273491e+02 1.987871516189036736e-01 3.017322468119555765e+02 2.189765430364276710e+01
