1.471985698271674181e+01 1.704053612935096107e-01 2.739971444772062341e+02 7.621709391818834334e+00
1.500963103548576214e+02 4.108073964207837880e-01 2.901993456861608820e+02 1.892748222692893378e+01
2.287528013163318619e+01 2.861619162176511355e-01 2.721996174863391502e+02 5.009684611468287585e+00
4.470590730014473024e+01 3.195249319891947382e-01 2.807718291018293826e+02 8.297812731919256279e+00
8.341308969521055872e+01 3.560380171778412262e-01 2.871655453020128448e+02 6.952644388349531468e+00
1.198128973774224164e+02 3.014443826521285286e-01 2.896123562058522793e+02 7.158489597062219545e+00
7.941397916063687035e+01 2.573238782165604976e-01 2.863264910765690843e+02 7.914439016838698215e+00
3.177075614840583384e+01 2.168442088928309863e-01 2.788416261398176630e+02 4.265438045035903514e+00
1.823586956521747879e+02 3.274764295158118510e-01 2.938351840549308349e+02 1.335062540529638753e+01
2.012691911432441145e+02 2.913251096059119027e-01 2.980068432671079108e+02 7.512823020562240828e+00
1.816856645656341982e+02 2.667500442890444190e-01 2.924406653565412171e+02 2.744226535472471085e+01
1.547154460871780941e+02 2.890494121996302623e-01 2.910723531105992947e+02 1.039825942911371115e+01
1.113473853137516869e+02 2.811980283857729579e-01 2.894717138056564067e+02 1.745515815282001526e+01
6.186312521688839894e+01 3.061143895564454875e-01 2.839574532577900641e+02 5.444759877779403290e+00
4.127635152927479112e+01 2.774839727685330382e-01 2.830213956834530222e+02 1.043317147158359326e+01
1.134470637521340208e+01 2.877099590583425126e-01 2.799313103816386388e+02 3.746694375838199420e+00
3.427388074353763869e+01 2.480539762488220557e-01 2.710619287293537241e+02 7.278452334691789538e+00
4.588126162489211168e+01 2.775331165996555161e-01 2.786920683020685487e+02 6.477332907541901719e+00
8.986775477880955521e+01 2.954717137863672183e-01 2.831900271517787360e+02 5.411225462551600529e+00
1.426334545211338991e+02 3.220964879702899464e-01 2.891644235486514845e+02 6.960192427943071358e+00
1.779278136200719018e+02 3.667712413955564466e-01 2.907464372119820837e+02 1.723450638064914031e+01
2.033586449136276144e+02 3.110663985760827588e-01 2.929530727907598475e+02 3.920123200155754262e+01
1.812353854595335463e+02 2.675612027902347090e-01 2.980994572852929423e+02 1.727637583787765863e+01
1.579226092384517415e+02 2.913050519785390646e-01 2.929904558896005824e+02 5.030153435825099884e+00
1.137937418318157654e+02 2.791742999026295413e-01 2.884913018433176148e+02 7.900965593169389400e+00
6.207362090395454857e+01 2.842057540799103332e-01 2.867624370477564639e+02 7.094050655634780433e+00
3.202360981702001652e+01 2.836242562929064404e-01 2.850319264497881022e+02 6.812719185205600603e+00
9.973346915054255746e+00 2.837275945317052073e-01 2.792043835978836910e+02 9.147872331792182621e+00
3.063959933081169851e+01 2.843277002511865326e-01 2.707474585122431563e+02 3.222642681221060457e+00
4.319984797336416449e+01 2.828801642036127828e-01 2.796961508028860521e+02 6.890469717336045186e+00
8.864700446780553023e+01 2.832426141913246265e-01 2.871884713548741388e+02 5.759157242965494916e+00
1.429035096909375682e+02 2.952972581883324121e-01 2.894319098837211754e+02 1.584193584420356515e+01
1.808073747752376335e+02 2.834461377410469884e-01 2.897886687935039731e+02 1.053539548229684364e+01
2.038325064039409256e+02 2.810011856932883578e-01 2.927061600378797266e+02 2.778516904352808581e+01
1.845976799557028869e+02 2.845545132978726799e-01 2.977646594119491965e+02 9.489255572424161400e+00
1.623466734228527173e+02 2.834513778287028885e-01 2.920637797619044136e+02 1.409804428870057080e+01
1.178543987848661345e+02 2.835921607454869875e-01 2.866169319492501586e+02 4.778500277838628740e+00
7.012409042553180427e+01 2.835896591902133390e-01 2.858520978009261171e+02 7.531519769386706642e+00
3.320957535059643817e+01 2.835898077483257618e-01 2.833220286195286235e+02 6.448833422104961244e+00
1.029152984424447048e+01 2.835841625400531418e-01 2.783794865277077406e+02 6.989922675385467521e+00
3.242929618742725495e+01 2.835862656568605700e-01 2.710107581274386348e+02 3.241705203476219932e+00
5.170233933676399829e+01 2.835862656568605700e-01 2.790112447916667406e+02 6.658185696167635115e+00
9.608107781138308212e+01 2.835862656568605700e-01 2.840551888152202764e+02 5.898819414216998958e+00
1.461924248826292398e+02 2.835862656568605700e-01 2.846518773612320956e+02 1.030050844011261013e+01
1.778184695201041166e+02 2.835862656568605700e-01 2.865769725797427441e+02 7.538119298577140803e+00
2.043325874125872588e+02 2.835862656568605700e-01 2.927254666385134669e+02 2.138055306308656611e+01
1.834022299741602637e+02 2.835862656568605700e-01 2.982087431932045547e+02 7.281033930830801637e+00
1.534420080020005628e+02 2.835862656568605700e-01 2.921817630501531653e+02 1.118140770758403413e+01
1.066059510377861699e+02 2.835862656568605700e-01 2.886568221320973748e+02 4.619471936231884790e+00
5.705332408210459505e+01 2.835862656568605700e-01 2.882066589057040460e+02 6.622202463584706322e+00
3.105461606166377209e+01 2.835862656568605700e-01 2.857766133480415078e+02 6.017166813813823900e+00
1.006360959301255242e+01 2.835862656568605700e-01 2.784602250247281177e+02 2.724683738947373701e+00
3.274083114086150204e+01 2.835862656568605700e-01 2.701705560436799374e+02 6.015395324539701605e+00
4.233196376013892603e+01 2.835862656568605700e-01 2.792154605108980832e+02 5.145427312970943134e+00
8.794639570301883680e+01 2.835862656568605700e-01 2.848419041058143648e+02 6.381976784946238546e+00
1.386222660189076805e+02 2.835862656568605700e-01 2.880527456968346200e+02 1.471636731242867313e+01
1.774108915118030154e+02 2.835862656568605700e-01 2.924081556767474694e+02 3.175087974226811482e+01
2.027196522593315819e+02 2.835862656568605700e-01 2.974940831271642310e+02 1.102634371063908425e+01
1.842527966828711783e+02 2.835862656568605700e-01 2.910105239240849073e+02 1.599681109965634107e+01
1.699228425618778999e+02 2.835862656568605700e-01 2.880306406523003488e+02 4.589273070954173583e+00
1.315474446442330247e+02 2.835862656568605700e-01 2.879311535100493415e+02 5.117393657705600063e+00
8.314488253434267051e+01 2.835862656568605700e-01 2.878638759464180339e+02 6.938167028075429954e+00
4.153125733798315622e+01 2.835862656568605700e-01 2.849542654028434185e+02 4.065173831168826801e+00
1.053971801084964532e+01 2.835862656568605700e-01 2.796438552697934483e+02 2.094488731648786572e+00
3.694716396737556607e+01 2.835862656568605700e-01 2.702874955139705548e+02 4.448175803465074907e+00
4.570301041666657937e+01 2.835862656568605700e-01 2.778245552434449337e+02 4.092200882453628452e+00
8.542733361462732944e+01 2.835862656568605700e-01 2.836621671991479730e+02 3.435847857351508772e+00
1.359803246503975629e+02 2.835862656568605700e-01 2.886901345045299081e+02 4.908798566501233474e+00
1.759136499023436500e+02 2.835862656568605700e-01 2.916607832096244124e+02 1.284948300895285200e+01
2.016164938505211239e+02 2.835862656568605700e-01 2.971514305511136627e+02 8.755540101504490025e+00
1.810103939473003152e+02 2.835862656568605700e-01 2.920455354523227243e+02 2.438688150432106738e+01
1.561138832155012039e+02 2.835862656568605700e-01 2.874887445762217908e+02 1.130668745287109189e+01
1.143861470347090545e+02 2.835862656568605700e-01 2.871038146426495246e+02 4.991447039800994467e+00
6.536974841498553701e+01 2.835862656568605700e-01 2.850771192609187779e+02 6.748768132148807553e+00
3.162036133815030681e+01 2.835862656568605700e-01 2.804283987358435297e+02 6.228514218192116481e+00
1.087148732418175889e+01 2.835862656568605700e-01 2.702804287114150839e+02 6.636740791914051307e+00
3.213203090008737917e+01 2.835862656568605700e-01 2.782852911002821088e+02 3.077720894897187698e+00
4.498877719756308124e+01 2.835862656568605700e-01 2.814713156469953219e+02 7.485334763476348741e+00
8.680710361707915013e+01 2.835862656568605700e-01 2.880172427077593511e+02 6.872420601156074227e+00
1.425503541220556940e+02 2.835862656568605700e-01 2.902423976777930079e+02 7.032150756998550634e+00
1.750898283485045681e+02 2.835862656568605700e-01 2.902276797671027566e+02 6.499424168180558681e+00
2.054071294881586311e+02 2.835862656568605700e-01 2.932086065162906152e+02 9.941283147784339747e+00
1.860059675704409585e+02 2.835862656568605700e-01 2.975072292958977300e+02 6.281925675319782520e+00
1.593713842794758762e+02 2.835862656568605700e-01 2.919639365671625910e+02 1.953213232895651075e+01
1.192009200796363046e+02 2.835862656568605700e-01 2.892556890660585509e+02 1.026501351939108631e+01
8.081309015216756109e+01 2.835862656568605700e-01 2.857168672756585579e+02 4.682183939683859819e+00
3.902057229474907984e+01 2.835862656568605700e-01 2.792058496042224078e+02 6.867059105499439653e+00
1.038470290596531598e+01 2.835862656568605700e-01 2.708421012720158387e+02 2.542589752172866202e+00
3.091585065464079918e+01 2.835862656568605700e-01 2.787298396173323454e+02 5.443254747403884153e+00
4.326011833670231965e+01 2.835862656568605700e-01 2.806536857391807303e+02 5.837726501656550049e+00
8.480748459086096602e+01 2.835862656568605700e-01 2.834564489795918121e+02 5.177271030970056920e+00
1.422917082138201010e+02 2.835862656568605700e-01 2.901973781600211737e+02 1.505873427804011300e+01
1.780720517372559755e+02 2.835862656568605700e-01 2.925650397537833669e+02 1.091301414852881635e+01
2.027932720000003428e+02 2.835862656568605700e-01 2.978112411137441313e+02 3.378385042949178541e+01
1.850592666303162162e+02 2.835862656568605700e-01 2.917072394366197159e+02 1.459884435505378164e+01
1.603552854649715300e+02 2.835862656568605700e-01 2.868774477958236275e+02 6.109372195345861734e+00
1.210095975865688587e+02 2.835862656568605700e-01 2.865332420623360008e+02 3.970720315107536535e+00
7.049135658263307391e+01 2.835862656568605700e-01 2.865457442470139995e+02 4.623309114763552330e+00
3.632417811955883735e+01 2.835862656568605700e-01 2.855479852440406034e+02 4.508989982153139842e+00
1.036115944047796944e+01 2.835862656568605700e-01 2.800647717528373164e+02 4.791182229997205333e+00
3.284541396160563664e+01 2.835862656568605700e-01 2.714052636480029719e+02 2.242449443924016350e+00
4.496027785507251906e+01 2.835862656568605700e-01 2.805760854531978907e+02 4.691719108612162792e+00
8.784778273809527604e+01 2.835862656568605700e-01 2.860744255085211876e+02 4.267664517832453264e+00
1.416464859437751613e+02 2.835862656568605700e-01 2.897577433628317181e+02 8.647358653199907152e+00
1.755985769528231231e+02 2.835862656568605700e-01 2.924084108023886870e+02 4.425912390156367060e+00
2.036364209341594176e+02 2.835862656568605700e-01 2.985244339419978701e+02 1.371081846519780534e+01
1.825054879043224503e+02 2.835862656568605700e-01 2.928983642773209795e+02 2.474846853658539914e+01
1.564948834927636767e+02 2.835862656568605700e-01 2.885565484152368185e+02 1.110472796331658074e+01
1.149585988072649343e+02 2.835862656568605700e-01 2.881886221963295043e+02 4.712323808841388129e+00
6.467400852514930421e+01 2.835862656568605700e-01 2.880166365754220124e+02 5.712429553811007921e+00
3.546046208903109687e+01 2.835862656568605700e-01 2.866070182440137728e+02 5.373927128116928742e+00
1.068284678128708975e+01 2.835862656568605700e-01 2.804073882063878500e+02 5.825107286193396128e+00
3.448536848079155703e+01 2.835862656568605700e-01 2.712657544449781994e+02 2.928266759371698669e+00
4.677147000869315008e+01 2.835862656568605700e-01 2.788452156759598211e+02 7.103736127327625383e+00
9.239831608428922038e+01 2.835862656568605700e-01 2.831433074866309312e+02 5.982575799256490967e+00
1.468288766364552203e+02 2.835862656568605700e-01 2.898227830188680514e+02 6.191543824561388298e+00
1.819438847247352555e+02 2.835862656568605700e-01 2.912892220609581386e+02 5.560076332443252944e+00
2.050342840306426240e+02 2.835862656568605700e-01 2.931752625937832590e+02 6.330080783454984150e+00
1.857937036003351068e+02 2.835862656568605700e-01 2.984629333471985433e+02 1.483465078020378058e+01
1.694824592707523152e+02 2.835862656568605700e-01 2.922221133190119531e+02 5.965863224038223223e+00
1.266568337751856035e+02 2.835862656568605700e-01 2.896172313703603436e+02 7.733274965085505492e+00
7.557861877236433656e+01 2.835862656568605700e-01 2.854276453819839503e+02 5.738453886011826377e+00
3.703106936281644579e+01 2.835862656568605700e-01 2.841986210892230815e+02 6.151241042438060802e+00
1.102427229007748366e+01 2.835862656568605700e-01 2.807213722826091384e+02 3.129004719202851170e+00
3.057736539469844317e+01 2.835862656568605700e-01 2.716669238451938782e+02 6.065763162675472664e+00
4.157866460560530442e+01 2.835862656568605700e-01 2.791037855465696680e+02 5.585548081298469469e+00
8.770998170075354494e+01 2.835862656568605700e-01 2.832529408644918476e+02 5.935291619617903081e+00
1.416290268422389147e+02 2.835862656568605700e-01 2.900631134846474311e+02 4.388198356030250658e+00
1.751189821820847214e+02 2.835862656568605700e-01 2.920131782721763329e+02 1.092967439942380281e+01
2.034083087400680370e+02 2.835862656568605700e-01 2.933476053215080697e+02 2.476260757903852294e+01
1.841121228615865846e+02 2.835862656568605700e-01 2.982549322437159276e+02 1.118265471790487275e+01
1.501345427211225854e+02 2.835862656568605700e-01 2.928606020722488665e+02 3.400990502807487825e+00
1.002863678699364272e+02 2.835862656568605700e-01 2.902191575931234979e+02 7.085332726806768733e+00
5.433146011560695143e+01 2.835862656568605700e-01 2.856038721804514466e+02 5.871242387268648777e+00
3.145067860512529734e+01 2.835862656568605700e-01 2.845507110091750747e+02 6.124138217302657061e+00
1.050740738010121866e+01 2.835862656568605700e-01 2.790393936225820539e+02 6.092355112146812246e+00
3.179710160209726766e+01 2.835862656568605700e-01 2.707525258354585844e+02 6.093818875618994824e+00
4.243648234610925130e+01 2.835862656568605700e-01 2.780791287082450367e+02 6.094940168948444814e+00
8.591278892827932623e+01 2.835862656568605700e-01 2.846563054830280635e+02 6.094940168948444814e+00
1.393750210171249648e+02 2.835862656568605700e-01 2.886144453876628404e+02 6.096343897465776429e+00
1.782744567404425879e+02 2.835862656568605700e-01 2.904017979154604063e+02 6.096156189921354773e+00
2.045662347380859671e+02 2.835862656568605700e-01 2.933319120762704415e+02 6.092736586076320293e+00
1.859879994511531436e+02 2.835862656568605700e-01 2.982538374528698455e+02 6.098011768132830746e+00
1.649408486017359508e+02 2.835862656568605700e-01 2.921615601659742651e+02 6.090439324206236904e+00
1.164585217023672499e+02 2.835862656568605700e-01 2.887615249433107465e+02 6.090517710457325151e+00
8.136962678469440391e+01 2.835862656568605700e-01 2.848253120849933566e+02 6.172875259815243432e+00
3.775558295447945767e+01 2.835862656568605700e-01 2.788044328238132152e+02 5.674769632153317644e+00
1.049089725534741291e+01 2.835862656568605700e-01 2.711489453125004729e+02 7.987661284879938428e+00
3.411640722189871866e+01 2.835862656568605700e-01 2.779779724409455071e+02 2.900401324587998708e+00
4.318738689956345667e+01 2.835862656568605700e-01 2.793369916112237661e+02 5.453908198533572893e+00
8.675405059772030825e+01 2.835862656568605700e-01 2.817723072790760170e+02 5.571310086144421803e+00
1.357128801478351932e+02 2.835862656568605700e-01 2.900133907146588399e+02 4.674407665507831489e+00
1.777502803958532240e+02 2.835862656568605700e-01 2.924876766809732089e+02 1.232132565104788569e+01
2.038403655145008031e+02 2.835862656568605700e-01 2.932475467164983343e+02 2.502382563582461827e+01
1.832528135498320410e+02 2.835862656568605700e-01 2.973358872767851722e+02 1.283401669293534830e+01
1.577419215086648023e+02 2.835862656568605700e-01 2.918573694728957548e+02 1.774510949534929694e+01
1.113685115103874921e+02 2.835862656568605700e-01 2.869162158354463941e+02 4.861843775882179308e+00
7.020341154401147321e+01 2.835862656568605700e-01 2.848760118711133487e+02 9.634969346580410487e+00
3.229487380675202957e+01 2.835862656568605700e-01 2.804320070043105488e+02 5.154932321247677862e+00
1.016785309677908700e+01 2.835862656568605700e-01 2.711433300577326122e+02 5.886587376324151855e+00
3.461997791678783898e+01 2.835862656568605700e-01 2.783791319190435161e+02 2.453541800928361383e+00
4.271483076923072275e+01 2.835862656568605700e-01 2.824676515798458354e+02 5.180498605962067238e+00
8.577702105543716016e+01 2.835862656568605700e-01 2.838619289772721572e+02 4.215231588641975335e+00
1.392830027763755538e+02 2.835862656568605700e-01 2.900764327162203813e+02 7.219231260991988641e+00
1.785661523096130168e+02 2.835862656568605700e-01 2.912294048303626255e+02 1.558471330260389465e+01
2.011953371564172528e+02 2.835862656568605700e-01 2.924719691224274243e+02 3.409137440872134306e+01
1.815083444237420451e+02 2.835862656568605700e-01 2.971738759031029531e+02 1.519948288543165660e+01
1.539793471810087055e+02 2.835862656568605700e-01 2.913700392349188064e+02 6.654273417266189483e+00
1.103626637907037775e+02 2.835862656568605700e-01 2.865628728813553607e+02 3.249748766737118100e+00
6.623537496369448263e+01 2.835862656568605700e-01 2.856418470040716215e+02 5.309364031487204372e+00
4.573945790853486670e+01 2.835862656568605700e-01 2.849228372900979025e+02 4.932146551377729615e+00
1.089248941276129834e+01 2.835862656568605700e-01 2.798882111737575542e+02 4.966996163867985814e+00
3.547981487627360764e+01 2.835862656568605700e-01 2.699862925349511329e+02 5.536065660123680843e+00
4.291632596685068535e+01 2.835862656568605700e-01 2.788087502919872804e+02 2.463620916938993766e+00
8.269685856353615350e+01 2.835862656568605700e-01 2.850943290864735218e+02 4.556734617963471123e+00
1.369911794939376648e+02 2.835862656568605700e-01 2.891261032078099902e+02 9.756858362267323059e+00
1.751773203932444289e+02 2.835862656568605700e-01 2.924101701222754741e+02 6.876456810383290374e+00
2.036735013901763978e+02 2.835862656568605700e-01 2.981219902661283072e+02 2.054369105235179305e+01
1.828595103373230302e+02 2.835862656568605700e-01 2.926217505995200554e+02 8.325469417794991500e+00
1.575036344863191573e+02 2.835862656568605700e-01 2.909075283512649435e+02 1.149460058631921733e+01
1.146032300163132902e+02 2.835862656568605700e-01 2.907779059705795248e+02 4.715690828225064024e+00
6.958989862542964033e+01 2.835862656568605700e-01 2.865777905308461868e+02 5.998585980200849654e+00
3.523862106029702801e+01 2.835862656568605700e-01 2.859234864479314524e+02 5.726961193371753467e+00
1.037080189829982935e+01 2.835862656568605700e-01 2.808768794892256437e+02 6.210843344722212223e+00
3.081130579499130562e+01 2.835862656568605700e-01 2.721471577871175782e+02 2.786029765817995774e+00
4.113309898285380939e+01 2.835862656568605700e-01 2.797572131147544496e+02 6.641933347048809111e+00
8.493703879079703256e+01 2.835862656568605700e-01 2.849770235053654801e+02 6.121373567651187564e+00
1.380413700745468759e+02 2.835862656568605700e-01 2.898713595756561290e+02 7.265371114998704805e+00
1.751071296987801418e+02 2.835862656568605700e-01 2.925969682283252951e+02 4.897471855961970988e+00
2.045554379692525799e+02 2.835862656568605700e-01 2.984854617179690877e+02 1.346729005846508365e+01
1.794791193181818016e+02 2.835862656568605700e-01 2.933692023445455561e+02 2.651958938235304686e+01
1.517454982385503968e+02 2.835862656568605700e-01 2.903400933125972756e+02 9.042730744156722622e+00
1.000394371444823065e+02 2.835862656568605700e-01 2.848522597765358455e+02 1.295355805134125049e+01
6.845702831551575684e+01 2.835862656568605700e-01 2.836230511867314590e+02 3.797856049053634386e+00
3.083784871944123296e+01 2.835862656568605700e-01 2.794100733249044879e+02 6.374489985197377528e+00
1.064149723708443673e+01 2.835862656568605700e-01 2.705811569961925329e+02 5.642511305057968940e+00
3.383623235550389552e+01 2.835862656568605700e-01 2.800368710313118186e+02 7.575045930971843866e+00
4.450711616922643543e+01 2.835862656568605700e-01 2.875732863070541043e+02 2.545524203189932333e+00
9.035583383602973129e+01 2.835862656568605700e-01 2.893160197846965502e+02 6.439119528050061270e+00
1.402168356756757817e+02 2.835862656568605700e-01 2.895539178561031122e+02 1.738285685761043453e+01
1.782732093933465194e+02 2.835862656568605700e-01 2.898991804707939082e+02 1.149184564904203221e+01
2.048361296984713533e+02 2.835862656568605700e-01 2.930540700669757825e+02 3.215480510536231407e+01
1.876473835920174622e+02 2.835862656568605700e-01 2.981590601503766607e+02 1.300528076652411080e+01
1.670793318374471426e+02 2.835862656568605700e-01 2.925042949932343390e+02 1.835272783990813394e+01
1.245517557231349315e+02 2.835862656568605700e-01 2.896316886846641410e+02 7.056115468307096350e+00
7.380019816819334721e+01 2.835862656568605700e-01 2.861137004160883635e+02 3.408839996940452366e+00
3.578679831346317997e+01 2.835862656568605700e-01 2.801685394736840635e+02 4.358152944776540139e+00
1.072017594130996088e+01 2.835862656568605700e-01 2.714142063684978439e+02 4.571315894104793998e+00
3.301007949912638395e+01 2.835862656568605700e-01 2.793328991702282451e+02 2.183094260476124315e+00
4.397568526591105353e+01 2.835862656568605700e-01 2.840122493074800900e+02 4.389934448808583412e+00
8.381380477223405023e+01 2.835862656568605700e-01 2.866877573845719098e+02 7.525661726546506891e+00
1.404705789058386642e+02 2.835862656568605700e-01 2.884320392269979720e+02 3.985883047852557315e+00
1.778379921065616429e+02 2.835862656568605700e-01 2.901958233618234431e+02 1.320433730084137203e+01
2.029837313432832104e+02 2.835862656568605700e-01 2.933926739023193022e+02 9.479086656409219103e+00
1.814098176291794289e+02 2.835862656568605700e-01 2.980754487508996817e+02 2.494684601028652082e+01
1.596555375930203127e+02 2.835862656568605700e-01 2.919935855523331156e+02 1.059669696086107749e+01
1.172523081743869540e+02 2.835862656568605700e-01 2.882820595031779476e+02 1.537440583970218633e+01
7.179954463020666822e+01 2.835862656568605700e-01 2.862937366347783268e+02 6.208798432639370368e+00
3.274906796511625373e+01 2.835862656568605700e-01 2.798229018311291156e+02 5.077799633179699512e+00
1.024944824942226340e+01 2.835862656568605700e-01 2.711313840872871879e+02 2.641387209028008165e+00
3.175778402091808417e+01 2.835862656568605700e-01 2.789842185447851648e+02 8.896365472262925067e+00
5.979378472222223451e+01 2.835862656568605700e-01 2.835536288772992179e+02 6.145093062791253224e+00
9.690912106606170084e+01 2.835862656568605700e-01 2.888439767573697736e+02 7.311051219518493127e+00
1.443661511565358069e+02 2.835862656568605700e-01 2.900545027228433810e+02 4.378962710868183450e+00
1.813247518248174401e+02 2.835862656568605700e-01 2.924074115616903100e+02 1.280510260067854489e+01
2.037865597014921377e+02 2.835862656568605700e-01 2.939882043834169849e+02 2.617771696586217089e+01
1.830213369127518490e+02 2.835862656568605700e-01 2.987218581706057421e+02 8.119058218178565767e+00
1.600748829350710309e+02 2.835862656568605700e-01 2.920745650538973450e+02 1.266007721805922159e+01
1.096496090468501308e+02 2.835862656568605700e-01 2.870414183381088833e+02 4.059279444504798384e+00
6.780465241259750542e+01 2.835862656568605700e-01 2.861071894093684591e+02 6.209866818206744910e+00
3.271340384503356091e+01 2.835862656568605700e-01 2.848266590973605048e+02 5.525911192618536028e+00
1.086796713656269020e+01 2.835862656568605700e-01 2.796405604566682541e+02 7.140918086838541790e+00
3.351544891020046180e+01 2.835862656568605700e-01 2.715557130402297616e+02 2.480077374774300569e+00
4.750067896253608524e+01 2.835862656568605700e-01 2.798555534608138373e+02 5.291072251141554439e+00
9.207782789951895097e+01 2.835862656568605700e-01 2.845352380952378439e+02 4.527426931451609349e+00
1.482300111364214956e+02 2.835862656568605700e-01 2.899836902800661846e+02 4.910043910974239978e+00
1.818738231568277683e+02 2.835862656568605700e-01 2.927239141557707285e+02 1.134798663146372100e+01
2.057893735588012305e+02 2.835862656568605700e-01 2.940580080862539489e+02 2.812369137902821947e+01
1.857491616105900505e+02 2.835862656568605700e-01 2.985919697964546344e+02 1.464739093003442250e+01
1.614735265700482785e+02 2.835862656568605700e-01 2.928998761695103212e+02 2.111452022684661145e+01
1.176656938440494713e+02 2.835862656568605700e-01 2.902324236252544551e+02 7.598807989711508171e+00
6.694161544943817432e+01 2.835862656568605700e-01 2.898780389874891057e+02 3.959747057238432788e+00
3.453044742292033220e+01 2.835862656568605700e-01 2.862659654800426665e+02 1.074673685957599112e+01
1.032781458872523928e+01 2.835862656568605700e-01 2.793838797284196858e+02 5.995149176366442845e+00
3.327434820856389308e+01 2.835862656568605700e-01 2.712184798160447485e+02 2.617562299168260331e+00
4.073261193247947176e+01 2.835862656568605700e-01 2.796800849162013378e+02 4.914086171776160583e+00
7.991461866740097264e+01 2.835862656568605700e-01 2.859419146546877073e+02 6.899793146786928233e+00
1.375465424164523540e+02 2.835862656568605700e-01 2.881563341858477543e+02 1.741246248277147757e+01
1.747201362326439380e+02 2.835862656568605700e-01 2.919536516993289865e+02 1.230689441642679682e+01
2.027082439753413610e+02 2.835862656568605700e-01 2.984485660264710987e+02 4.056754324122478295e+01
1.827363661814109150e+02 2.835862656568605700e-01 2.929791256102969896e+02 1.263564169423928263e+01
1.626846400198612344e+02 2.835862656568605700e-01 2.880462120774344612e+02 1.799607254703585113e+01
1.170751069880826094e+02 2.835862656568605700e-01 2.873218554006972454e+02 5.016787419115218860e+00
7.570598609534633283e+01 2.835862656568605700e-01 2.846031151685394320e+02 8.987839670018464844e+00
3.275722345786267198e+01 2.835862656568605700e-01 2.789200180087472631e+02 5.396929463791269477e+00
1.031389509204701938e+01 2.835862656568605700e-01 2.700518896229015695e+02 5.978737865279295072e+00
3.338305752985722563e+01 2.835862656568605700e-01 2.784742151162797654e+02 2.623393792243802647e+00
4.382509400921661324e+01 2.835862656568605700e-01 2.864476966436074008e+02 6.270013289258312916e+00
8.278912321624589765e+01 2.835862656568605700e-01 2.914004102860448597e+02 5.015613444385577324e+00
1.408630318375532511e+02 2.835862656568605700e-01 2.917994261578797932e+02 5.321242986037407086e+00
1.796316809045222271e+02 2.835862656568605700e-01 2.916932041945819378e+02 1.192102781722618943e+01
2.034466857859828508e+02 2.835862656568605700e-01 2.939568486973950598e+02 2.414758705260234350e+01
1.787797613823364600e+02 2.835862656568605700e-01 2.986273513352532518e+02 9.349798599285069400e+00
1.613757795572301177e+02 2.835862656568605700e-01 2.916490938864624241e+02 1.460222197102491037e+01
1.073381396155901228e+02 2.835862656568605700e-01 2.886229582733810730e+02 5.883575435346982019e+00
6.214363210511267255e+01 2.835862656568605700e-01 2.869493106382979590e+02 4.351639601346486863e+00
3.299789668025631784e+01 2.835862656568605700e-01 2.808055712166169542e+02 5.331220033267551450e+00
9.845580894404209360e+00 2.835862656568605700e-01 2.722252267274465112e+02 5.847574833683655271e+00
3.312140726955507120e+01 2.835862656568605700e-01 2.794690746111260751e+02 2.662369746559774430e+00
5.416689110340848856e+01 2.835848878531903594e-01 2.827143116359453074e+02 5.315912718972530371e+00
9.070325479143156144e+01 2.836027548048930536e-01 2.837606322653813891e+02 8.971466568588450485e+00
1.463765816457320170e+02 2.835883017768722758e-01 2.898859592047502929e+02 5.150026524036317888e+00
1.774537582361885484e+02 2.835744276143322695e-01 2.937253735558396102e+02 1.452282618324258223e+01
2.050901216365645041e+02 2.835332140779529553e-01 2.996446925672004227e+02 2.976201543715845688e+01
1.809095285293331870e+02 2.838470042918460612e-01 2.945972672822552454e+02 1.474878742271345189e+01
1.551912806686440547e+02 2.822224942965789185e-01 2.918704447674425069e+02 4.416695481241905696e+00
1.164722419490339718e+02 2.866218144329897854e-01 2.917275043478267662e+02 8.338406628637947904e+00
7.053787645886708901e+01 2.732559415422887161e-01 2.860253846153849508e+02 6.392868594326255760e+00
3.248222193847932004e+01 2.938338126423693519e-01 2.803159276606817798e+02 6.566442947928664786e+00
1.053521635732047379e+01 2.641622651364163299e-01 2.711353778605641196e+02 7.019686831765362456e+00
3.359074405107372741e+01 2.361483338042493774e-01 2.783404609445962592e+02 3.120418449733389554e+00
4.356370293778799407e+01 2.630713896103897276e-01 2.846590330314329549e+02 6.375562296845007637e+00
8.500657074721776496e+01 2.842962201628755348e-01 2.889661044992745360e+02 6.109481942482931416e+00
1.428936148700798014e+02 2.842633409676492695e-01 2.895029278230504133e+02 5.012131179462345543e+00
1.792748014256622753e+02 2.859828368977069823e-01 2.902336936936939082e+02 1.049479475838443143e+01
2.043927636086789619e+02 2.828338533145269285e-01 2.935584318398481400e+02 2.039848001322751969e+01
1.825917893575960136e+02 2.835508579545448771e-01 2.985961867391081910e+02 7.862748730138457987e+00
1.590775789727511551e+02 2.777944886144348424e-01 2.921977238515437421e+02 1.116003605465588677e+01
1.086670108847333438e+02 2.830776171385621653e-01 2.880556019727295052e+02 5.097148137195116391e+00
7.476891807505019472e+01 2.992524479466250886e-01 2.875619889341870135e+02 5.863176527745992850e+00
3.211296588541679853e+01 2.843939835984098941e-01 2.862285141373337751e+02 6.013926040313548604e+00
1.053080595596504487e+01 2.828924026451139495e-01 2.802469935149151183e+02 2.969525235113633865e+00
3.211083191736980780e+01 2.657033052837580178e-01 2.717023429206271317e+02 6.539471656526552934e+00
4.320586021443054392e+01 2.833436204379565226e-01 2.795829618768330533e+02 6.109145473533634352e+00
8.599288851913458132e+01 2.904742896526379403e-01 2.822912018140585815e+02 5.966285977011502872e+00
1.386824780413935230e+02 2.813974056834891435e-01 2.854740021175220477e+02 7.240149923728822046e+00
1.775285476365414468e+02 2.839122871593146025e-01 2.900933628318589399e+02 4.342751151482485916e+00
2.018954190056135474e+02 2.833685979142529510e-01 2.938080973554885418e+02 1.289287701080394299e+01
1.848538916391646012e+02 2.834949708794411993e-01 2.981599957662996303e+02 2.737585884304676043e+01
1.608893326766809082e+02 2.834659073696479403e-01 2.920765006257826144e+02 1.407751120593598948e+01
1.202742812063667515e+02 2.834677483250804819e-01 2.872321819228549771e+02 6.337898422328800407e+00
6.956766322256356716e+01 2.834584328575593393e-01 2.852985581395351460e+02 6.154351056562328282e+00
3.382794816647257363e+01 2.834594815030589410e-01 2.847237287157284982e+02 4.608594684387253615e+00
1.084583328589702766e+01 2.834698106612296153e-01 2.796064688894715573e+02 9.604567150584539803e+00
3.088700698348304030e+01 2.834653859598023073e-01 2.705588564760795407e+02 2.754016736121676967e+00
4.756642713669064904e+01 2.834653859598023073e-01 2.793462395268604723e+02 5.630332298407812353e+00
8.767526543704882158e+01 2.834653859598023073e-01 2.862223703305557478e+02 4.424920341825909098e+00
1.429330855629138455e+02 2.834653859598023073e-01 2.899022959770110788e+02 7.563383800433353343e+00
1.767283565531474210e+02 2.834653859598023073e-01 2.902784183232496957e+02 1.963568141690761237e+01
2.040454865011768391e+02 2.834653859598023073e-01 2.930348359374992810e+02 1.222368377321993904e+01
1.802772562115952155e+02 2.834653859598023073e-01 2.986865813564330097e+02 3.677299810667609847e+01
1.551576589743595775e+02 2.834653859598023073e-01 2.924184730225251201e+02 1.510165907706913302e+01
1.173544931693989071e+02 2.834653859598023073e-01 2.893070571428577296e+02 4.742072018125544908e+00
6.378822395685499203e+01 2.834653859598023073e-01 2.865573594202900267e+02 9.973049820300159851e+00
3.189300168262256463e+01 2.834653859598023073e-01 2.851217845978973173e+02 6.296190383745948083e+00
1.071042862311797528e+01 2.834653859598023073e-01 2.793550137672093570e+02 7.062999046227411704e+00
3.172063474847332643e+01 2.834653859598023073e-01 2.708586952482085053e+02 3.011323339038944003e+00
4.408601627906970322e+01 2.834653859598023073e-01 2.794389204687114443e+02 6.207569288558599574e+00
8.872811997871767176e+01 2.834653859598023073e-01 2.856872192209263517e+02 6.424583287213457616e+00
1.405666013461043349e+02 2.834653859598023073e-01 2.874970858806399292e+02 5.211247691644068425e+00
1.800066812677141002e+02 2.834653859598023073e-01 2.887621721548235314e+02 1.158085608549487411e+01
2.043974525377759051e+02 2.834653859598023073e-01 2.942824317445630982e+02 2.564590777025125945e+01
1.847498779134296569e+02 2.834653859598023073e-01 2.991215414900055976e+02 1.002373484665815440e+01
1.616097607904318920e+02 2.834653859598023073e-01 2.927390351311233871e+02 1.494233690884563259e+01
1.239529515135279354e+02 2.834653859598023073e-01 2.877958952328152122e+02 5.937148185115501242e+00
7.121986249316572071e+01 2.834653859598023073e-01 2.850659576202108383e+02 5.277412254734120900e+00
3.351291568399652476e+01 2.834653859598023073e-01 2.804672891726515900e+02 6.487283382897747863e+00
1.034963180151726014e+01 2.834653859598023073e-01 2.722177445282550821e+02 2.794361454315397175e+00
3.159046995932597923e+01 2.834653859598023073e-01 2.800012067659681634e+02 5.153175350271340882e+00
4.277856098615929170e+01 2.834653859598023073e-01 2.861068601730393084e+02 9.002523290396673872e+00
8.556120348837201561e+01 2.834653859598023073e-01 2.876320853906465800e+02 5.679919998684956006e+00
1.416344309939994162e+02 2.834653859598023073e-01 2.877560482698447686e+02 1.855463826197659216e+01
1.761646219974709879e+02 2.834653859598023073e-01 2.897222656027348080e+02 1.369060043607532862e+01
2.045105866564416317e+02 2.834653859598023073e-01 2.941289808181189187e+02 1.219039468593190456e+01
1.865747958344754522e+02 2.834653859598023073e-01 2.994219288371662628e+02 2.697214488059494286e+01
1.549854671717173460e+02 2.834653859598023073e-01 2.927772051089398815e+02 9.163528272231623362e+00
1.116134636111112144e+02 2.834653859598023073e-01 2.876058902201173737e+02 1.342365359709278927e+01
6.624785325007088943e+01 2.834653859598023073e-01 2.857066666666671608e+02 5.076999522613051319e+00
2.916180956139334057e+01 2.834653859598023073e-01 2.795990902198631147e+02 6.434786296887692991e+00
1.011071962106704802e+01 2.834653859598023073e-01 2.712674891885012585e+02 6.069875528349090388e+00
2.654072979342446814e+01 2.834653859598023073e-01 2.803298268814613152e+02 2.863822623668503375e+00
4.065455713875324051e+01 2.834653859598023073e-01 2.873441704288937331e+02 8.427416677489185659e+00
8.985224354657701440e+01 2.834653859598023073e-01 2.891333798720188497e+02 5.708377299245986691e+00
1.363527581306365732e+02 2.834653859598023073e-01 2.892072997378389232e+02 7.144227372159831724e+00
1.757342839444993388e+02 2.834653859598023073e-01 2.894147038327529344e+02 1.738473914386137409e+01
2.022231307164636860e+02 2.834653859598023073e-01 2.931602304368690852e+02 3.613147291329285338e+01
1.838064828951085588e+02 2.834653859598023073e-01 2.983553880847489381e+02 1.475745813797292882e+01
1.703955057053941573e+02 2.834675881153513877e-01 2.930596926006525678e+02 2.100163206106870462e+01
1.300980573922243195e+02 2.834687212350717744e-01 2.897235923423428403e+02 8.587062829554355403e+00
7.887938014664396746e+01 2.834656714244105369e-01 2.860174727793710190e+02 4.709794322286869672e+00
4.214831863768115028e+01 2.834664025633560347e-01 2.832730291970815983e+02 5.699695298416226130e+00
1.105691729474571083e+01 2.834655112146814426e-01 2.788319125951400110e+02 5.598663761564824703e+00
3.576275087260034269e+01 2.834627352170117631e-01 2.710068837753506159e+02 2.977389284935516134e+00
4.796623918722784907e+01 2.834571549213749653e-01 2.802673709636409285e+02 8.646390259572886094e+00
9.100186068281945495e+01 2.834646608442507043e-01 2.857483356880471774e+02 4.091967830589844368e+00
1.434398428717429681e+02 2.831214289780817905e-01 2.884126482558136786e+02 6.060197555690357341e+00
1.805119811560987273e+02 2.849925575244651177e-01 2.891882443412652037e+02 1.460732432647414392e+01
2.024091916634198185e+02 2.786922426622574500e-01 2.932088392050585526e+02 9.320749466142780548e+00
1.794666977115487327e+02 2.866459210799586765e-01 2.978572639915522018e+02 2.766681451880536713e+01
1.573183341670835205e+02 3.132317738031983878e-01 2.927112563421113123e+02 1.399916077534117598e+01
1.172204469532101285e+02 2.737854684095861191e-01 2.882238253877083025e+02 6.907511084243372679e+00
6.717159291784689401e+01 2.947477874587461910e-01 2.875375283842795966e+02 4.826416334987236212e+00
3.251697013620483290e+01 2.847851135351738283e-01 2.855448853665440652e+02 1.052361649524778109e+01
1.105867446920511199e+01 2.804340859766276672e-01 2.793239879608730121e+02 6.513331743252127382e+00
3.537746109175373022e+01 2.531938858295618711e-01 2.705200589525630903e+02 2.831426217088917507e+00
4.568847739130430341e+01 2.783213998261081512e-01 2.800314016634052905e+02 5.020411584582439524e+00
8.395100358126752838e+01 3.042919158803777391e-01 2.868048056352722028e+02 7.479388710531811313e+00
1.419552896103896558e+02 2.845606732699778596e-01 2.902267641325538534e+02 1.870292665838956125e+01
1.768176556122445788e+02 3.264120542795923008e-01 2.932827946916469841e+02 1.284731965486099448e+01
2.044001162790695503e+02 4.172673128792006025e-01 2.989695506309628286e+02 3.246068991425985928e+01
1.815429713340683975e+02 3.484551963521308471e-01 2.940215043567400244e+02 1.201496222603878472e+01
1.576286178861787164e+02 3.036883838660993651e-01 2.920478195488718711e+02 1.757447351694919746e+01
1.220365237964989973e+02 2.648109696227133880e-01 2.909894879773684693e+02 5.556864498344257441e+00
7.308776115632886672e+01 2.207830090094009823e-01 2.847689586645464601e+02 1.015030153133564639e+01
3.355562725955972070e+01 1.517091338344967455e-01 2.795110655957164454e+02 5.399128561721405539e+00
1.057028479489151174e+01 2.448485451604696106e-01 2.707257069301422803e+02 2.549836063113724460e+00
3.435871093704670187e+01 1.949809683721900888e-01 2.783387016706446957e+02 6.934123396745938805e+00
4.238182334494771908e+01 2.850443511208995417e-01 2.840770484345733848e+02 5.929020954271644328e+00
8.339606929091380039e+01 2.703196534246579130e-01 2.884673403349418663e+02 6.489473351157682757e+00
1.402543304732191700e+02 2.568519881845164332e-01 2.893244907407408277e+02 5.125404368792764842e+00
1.752291077328224844e+02 2.303355805420687352e-01 2.916086409625377769e+02 1.259410084907277749e+01
2.035432886137608364e+02 3.064530472047433118e-01 2.979628744997129957e+02 2.763791002288943233e+01
1.867885161559889298e+02 3.854922615396895735e-01 2.964305126118794647e+02 1.692565505045520524e+01
1.639214897268554694e+02 3.360868208319678363e-01 2.954949739225908729e+02 8.922571223534351503e+00
